3.057179074373102848e-05 -5.213951872689441579e-05 -4.936157124480437938e-05
6.157121896119199453e-03 -2.134065480148542981e-03 -1.968494963093984224e-03
1.228367200149466792e-02 -2.457659114360369432e-04 5.157954571886575552e-05
1.841022210687013813e-02 4.133078806111778122e-03 4.603789139704014474e-03
2.453677221224560487e-02 1.107354221195558201e-02 1.179643613103001712e-02
3.066332231762107161e-02 2.110878202790300584e-02 2.222145334053441182e-02
3.678987242299654875e-02 3.529855474670447885e-02 3.704981298724428079e-02
4.291642252837201549e-02 5.560992387353401456e-02 5.848356716128804561e-02
4.904297263374748223e-02 8.590373650609514633e-02 9.094785822319308155e-02
5.516952273912294896e-02 1.347322379122144753e-01 1.446187222210119361e-01
6.129607284449841570e-02 2.253413032662490711e-01 2.489878422129875868e-01
6.742262294987387550e-02 4.505603056643401327e-01 5.394955406340177229e-01
7.354917305524935611e-02 1.865382782380405668e+00 4.078246952630391498e+00
7.967572316062482285e-02 -1.127159041523884797e+00 -8.382510597674350805e-01
8.580227326600028959e-02 -4.887262924484161997e-01 -4.276854634880733474e-01
9.192882337137575632e-02 -3.278367690031905313e-01 -2.997373037571415266e-01
9.805537347675122306e-02 -2.530199162037986560e-01 -2.359108334356771752e-01
1.041819235821266898e-01 -2.086578155631546860e-01 -1.966040571756557942e-01
1.103084736875021565e-01 -1.784161988863128268e-01 -1.691241056878922122e-01
1.164350237928776233e-01 -1.557609660121653528e-01 -1.481448933838421800e-01
1.225615738982530900e-01 -1.375616623493410851e-01 -1.310344655654050450e-01
1.286881240036285567e-01 -1.221254279748591881e-01 -1.163375093327509435e-01
1.348146741090040235e-01 -1.084516763770860259e-01 -1.031787767406403267e-01
1.409412242143794902e-01 -9.590603761397303861e-02 -9.099517882257077139e-02
1.470677743197549847e-01 -8.406187537493968465e-02 -7.940293716654087119e-02
1.531943244251304515e-01 -7.261669788723190688e-02 -6.812637880269478696e-02
1.593208745305059182e-01 -6.134504369695922138e-02 -5.695724862561576257e-02
1.654474246358813849e-01 -5.007037560600371279e-02 -4.573013099951624832e-02
1.715739747412568517e-01 -3.864742561701785956e-02 -3.430681497930186674e-02
1.777005248466323184e-01 -2.695052723855411933e-02 -2.256581585784123503e-02
1.838270749520077851e-01 -1.486547452012125341e-02 -1.039493889650711447e-02
1.899536250573832519e-01 -2.283478340294377122e-03 2.314359779949454621e-03
1.960801751627587186e-01 1.090365804228680090e-02 1.567159311652565126e-02
2.022067252681341853e-01 2.480772103592382774e-02 2.979136772242365824e-02
2.083332753735096521e-01 3.954804079693528818e-02 4.479740298884443001e-02
2.144598254788851188e-01 5.525555235311620239e-02 6.082677476624300666e-02
2.205863755842605856e-01 7.207727510273792548e-02 7.803470620808178326e-02
2.267129256896360523e-01 9.018154283625916257e-02 9.660026587163052236e-02
2.328394757950115190e-01 1.097643811204799119e-01 1.167334183982538381e-01
2.389660259003869858e-01 1.310575461360954930e-01 1.386840189428053538e-01
2.450925760057624525e-01 1.543389284333735734e-01 1.627535747167336844e-01
2.512191261111379470e-01 1.799463218944855059e-01 1.893109609566138718e-01
2.573456762165133860e-01 2.082960234415159595e-01 2.188138527301410619e-01
2.634722263218888805e-01 2.399084681433288346e-01 2.518385550350315527e-01
2.695987764272643195e-01 2.754443032255362578e-01 2.891224259644121775e-01
2.757253265326398139e-01 3.157563000194422709e-01 3.316256413138174985e-01
2.818518766380152529e-01 3.619659268201617097e-01 3.806235032422776721e-01
2.879784267433907474e-01 4.155794894307379139e-01 4.378485613526937326e-01
2.941049768487662419e-01 4.786700003706937379e-01 5.057170653481504186e-01
3.002315269541416809e-01 5.541727518572128197e-01 5.877045952558136443e-01
3.063580770595171754e-01 6.463872308516501741e-01 6.889997189660918009e-01
3.124846271648926144e-01 7.618756199927091410e-01 8.177096071497371721e-01
3.186111772702681089e-01 9.111789807539476538e-01 9.872504999085991440e-01
3.247377273756435478e-01 1.112374567686993387e+00 1.221547756870060342e+00
3.308642774810190423e-01 1.399280475523502210e+00 1.567836760990066303e+00
3.369908275863944813e-01 1.843362580342483792e+00 2.134201965075242846e+00
3.431173776917699758e-01 2.626339331260832299e+00 3.234136334960405978e+00
3.492439277971454148e-01 4.386317273549654061e+00 6.316537322308132474e+00
3.553704779025209093e-01 1.045428321373076486e+01 2.710889796944671559e+01
3.614970280078963483e-01 -1.795022023410006184e+01 -8.150388767710648352e+00
3.676235781132718428e-01 -5.295749041083965380e+00 -3.920222658406670391e+00
3.737501282186472817e-01 -3.150865265824738692e+00 -2.609397635417197492e+00
3.798766783240227762e-01 -2.261426805916838756e+00 -1.968580121808762184e+00
3.860032284293982152e-01 -1.772723533377378979e+00 -1.586968740835471126e+00
3.921297785347737097e-01 -1.462321705873848909e+00 -1.332544288388549880e+00
3.982563286401492042e-01 -1.246649169064980134e+00 -1.149880313609483062e+00
4.043828787455246432e-01 -1.087260794233513739e+00 -1.011631254730407159e+00
4.105094288509001377e-01 -9.639999979946916042e-01 -9.027464751650590147e-01
4.166359789562755767e-01 -8.652780879199591935e-01 -8.142570360378431626e-01
4.227625290616510711e-01 -7.839577794662175858e-01 -7.404843438152328705e-01
4.288890791670265101e-01 -7.154018979822334146e-01 -6.776568471545991734e-01
4.350156292724020046e-01 -6.564656931358160419e-01 -6.231703920318520940e-01
4.411421793777774436e-01 -6.049400980597872124e-01 -5.751679596366101599e-01
4.472687294831529381e-01 -5.592268325987416189e-01 -5.322886843707408389e-01
4.533952795885283771e-01 -5.181400150486054068e-01 -4.935115988727331038e-01
4.595218296939038716e-01 -4.807803072081643925e-01 -4.580548557549878885e-01
4.656483797992793106e-01 -4.464524232477553589e-01 -4.253087229821237436e-01
4.717749299046548050e-01 -4.146095101080439771e-01 -3.947898387589924285e-01
4.779014800100302440e-01 -3.848147053343124457e-01 -3.661092437566995095e-01
4.840280301154057385e-01 -3.567139782748186549e-01 -3.389495729901586540e-01
4.901545802207811775e-01 -3.300165629610847806e-01 -3.130484766302233934e-01
4.962811303261566720e-01 -3.044806087373290726e-01 -2.881863628026655189e-01
5.024076804315321665e-01 -2.799024857439109115e-01 -2.641771935423294915e-01
5.085342305369076055e-01 -2.561086942852321968e-01 -2.408614724397231954e-01
5.146607806422830445e-01 -2.329496576450304224e-01 -2.181008282405206000e-01
5.207873307476585945e-01 -2.102948957325062873e-01 -1.957737753921296731e-01
5.269138808530340334e-01 -1.880292231646576717e-01 -1.737723521652871084e-01
5.330404309584094724e-01 -1.660497152051952363e-01 -1.519994192589467219e-01
5.391669810637849114e-01 -1.442632541535240343e-01 -1.303664592019663504e-01
5.452935311691604614e-01 -1.225845173680141925e-01 -1.087917574256419412e-01
5.514200812745359004e-01 -1.009343026476388766e-01 -8.719887485459533460e-02
5.575466313799113394e-01 -7.923811149580735347e-02 -6.551534274305868821e-02
5.636731814852867783e-01 -5.742492873432094441e-02 -4.367152562233956453e-02
5.697997315906623284e-01 -3.542614998025915563e-02 -2.159960922630867197e-02
5.759262816960377673e-01 -1.317461798320034017e-02 7.673217732627635613e-04
5.820528318014132063e-01 9.396264331217554777e-03 2.349614569989577975e-02
5.881793819067887563e-01 3.235337141383087811e-02 4.665453101422148419e-02
5.943059320121641953e-01 5.576466724943440756e-02 7.031175166116158948e-02
6.004324821175396343e-01 7.970001409649929425e-02 9.453951223817812222e-02
6.065590322229150733e-01 1.042319988287579019e-01 1.194128042427201192e-01
6.126855823282906233e-01 1.294367979097976462e-01 1.450108152619998259e-01
6.188121324336660622e-01 1.553951029787074556e-01 1.714179145420629824e-01
6.249386825390415012e-01 1.821931309384548503e-01 1.987247409898330319e-01
6.310652326444169402e-01 2.099237454153527194e-01 2.270294234656532739e-01
6.371917827497924902e-01 2.386877206678275354e-01 2.564389684435645633e-01
6.433183328551679292e-01 2.685951847215273247e-01 2.870708570826451811e-01
6.494448829605433682e-01 2.997672860628654012e-01 3.190549029321329000e-01
6.555714330659188072e-01 3.323381381454740269e-01 3.525354335306287168e-01
6.616979831712943572e-01 3.664571089606507570e-01 3.876738749493364722e-01
6.678245332766697961e-01 4.022915399709171003e-01 4.246518391082489408e-01
6.739510833820452351e-01 4.400300011599112548e-01 4.636748411881094767e-01
6.800776334874206741e-01 4.798862187037660210e-01 5.049768110944881094e-01
6.862041835927962241e-01 5.221038514831547461e-01 5.488256121440717727e-01
6.923307336981716631e-01 5.669623461203555648e-01 5.955298468712151294e-01
6.984572838035471021e-01 6.147841728931038308e-01 6.454473212587163999e-01
7.045838339089226521e-01 6.659438446816132728e-01 6.989956653105759976e-01
7.107103840142980911e-01 7.208792597564465110e-01 7.566657854142929684e-01
7.168369341196735300e-01 7.801061042356750574e-01 8.190390761631649585e-01
7.229634842250489690e-01 8.442363280686063787e-01 8.868096828287383993e-01
7.290900343304245190e-01 9.140021106164013531e-01 9.608136378410938594e-01
7.352165844357999580e-01 9.902873231216252625e-01 1.042067487088161881e+00
7.413431345411753970e-01 1.074169379691026549e+00 1.131820224140090314e+00
7.474696846465508360e-01 1.166975716709841571e+00 1.231624212494948578e+00
7.535962347519263860e-01 1.270361240048132334e+00 1.343433725913217414e+00
7.597227848573018250e-01 1.386416425639122707e+00 1.469744530239539992e+00
7.658493349626772639e-01 1.517821232790622421e+00 1.613795942137469241e+00
7.719758850680527029e-01 1.668069208198700748e+00 1.779870625988215549e+00
7.781024351734282529e-01 1.841802202890552076e+00 1.973752128351991875e+00
7.842289852788036919e-01 2.045325113001547290e+00 2.203446289595595076e+00
7.903555353841791309e-01 2.287424734909915713e+00 2.480362975906423628e+00
7.964820854895546809e-01 2.580725257249772753e+00 2.821341600284344331e+00
8.026086355949301199e-01 2.944041008191879083e+00 3.252318306190528752e+00
8.087351857003055589e-01 3.406702075977292132e+00 3.815429610104293268e+00
8.148617358056809978e-01 4.017096439337120906e+00 4.584004983036639835e+00
8.209882859110565478e-01 4.861153982967777232e+00 5.697991764279053406e+00
8.271148360164319868e-01 6.107520866020056616e+00 7.461850070880134744e+00
8.332413861218074258e-01 8.138639046840962621e+00 1.068696605502934815e+01
8.393679362271828648e-01 1.204675875785297379e+01 1.849984124908170458e+01
8.454944863325584148e-01 2.116281896147266295e+01 4.556034422293982544e+01
8.516210364379338538e-01 -1.989944040432864085e+02 1.350189636114416487e+02
8.577475865433092928e-01 -3.163314155555521623e+01 -1.670608827778418970e+01
8.638741366486847317e-01 -1.459824718173159397e+01 -1.034639201320483437e+01
8.700006867540602817e-01 -9.534971043416453185e+00 -7.519438952159263501e+00
8.761272368594357207e-01 -7.100893701193744079e+00 -5.918667710952273175e+00
8.822537869648111597e-01 -5.667771213532398100e+00 -4.886593583331757529e+00
8.883803370701867097e-01 -4.721748771585546400e+00 -4.164491125978273978e+00
8.945068871755621487e-01 -4.049272698356144673e+00 -3.629884497009849831e+00
9.006334372809375877e-01 -3.545680705563400537e+00 -3.217290179106321535e+00
9.067599873863130266e-01 -3.153642982170881126e+00 -2.888519749291326821e+00
9.128865374916885767e-01 -2.839122123354709704e+00 -2.619799561328032045e+00
9.190130875970640156e-01 -2.580633843700278263e+00 -2.395555177367146626e+00
9.251396377024394546e-01 -2.363947816315520090e+00 -2.205156598023846115e+00
9.312661878078148936e-01 -2.179263877936674643e+00 -2.041099861613242972e+00
9.373927379131904436e-01 -2.019612017346253285e+00 -1.897936140350172884e+00
9.435192880185658826e-01 -1.879899066943004904e+00 -1.771612827438344473e+00
9.496458381239413216e-01 -1.756316388692178210e+00 -1.659052840248241401e+00
9.557723882293167605e-01 -1.645958537767363561e+00 -1.557877372226237567e+00
9.618989383346923105e-01 -1.546570142113414370e+00 -1.466218095440831259e+00
9.680254884400677495e-01 -1.456373370661860456e+00 -1.382586860328294254e+00
9.741520385454431885e-01 -1.373947563048028231e+00 -1.305783350744580407e+00
9.802785886508186275e-01 -1.298143503807269505e+00 -1.234828391507597489e+00
9.864051387561941775e-01 -1.228021239159072353e+00 -1.168914961348150872e+00
9.925316888615696165e-01 -1.162804222268774224e+00 -1.107371658549679339e+00
9.986582389669450555e-01 -1.101844993233140890e+00 -1.049635075011930319e+00
1.004784789072320716e+00 -1.044599143612288117e+00 -9.952286422048967074e-01
1.010911339177696044e+00 -9.906053213752931130e-01 -9.437462453547786900e-01
1.017037889283071594e+00 -9.394697008803435390e-01 -8.948393960619621668e-01
1.023164439388447144e+00 -8.908537951049841919e-01 -8.482070919752013882e-01
1.029290989493822472e+00 -8.444647987165572189e-01 -8.035877276543167413e-01
1.035417539599198022e+00 -8.000478680464144787e-01 -7.607525869833765553e-01
1.041544089704573572e+00 -7.573798980461577957e-01 -7.195005663727784828e-01
1.047670639809948900e+00 -7.162644667874267235e-01 -6.796538640388576358e-01
1.053797189915324450e+00 -6.765276982724843791e-01 -6.410544336445154201e-01
1.059923740020699778e+00 -6.380148531960241343e-01 -6.035610471870372917e-01
1.066050290126075328e+00 -6.005875009613523829e-01 -5.670468468342498847e-01
1.072176840231450878e+00 -5.641211589491816891e-01 -5.313972916589371209e-01
1.078303390336826206e+00 -5.285033097409476133e-01 -4.965084251796464954e-01
1.084429940442201756e+00 -4.936317258217764459e-01 -4.622854049158602874e-01
1.090556490547577306e+00 -4.594130457438670434e-01 -4.286412469793691726e-01
1.096683040652952634e+00 -4.257615569151214641e-01 -3.954957479121337660e-01
1.102809590758328184e+00 -3.925981488895605165e-01 -3.627745531722191830e-01
1.108936140863703734e+00 -3.598494078659775774e-01 -3.304083473323144449e-01
1.115062690969079062e+00 -3.274468284871982493e-01 -2.983321455388580068e-01
1.121189241074454612e+00 -2.953261233019606746e-01 -2.664846693465757754e-01
1.127315791179829940e+00 -2.634266136532243396e-01 -2.348077928936227188e-01
1.133442341285205490e+00 -2.316906884769410480e-01 -2.032460476671150151e-01
1.139568891390581040e+00 -2.000633196791017643e-01 -1.717461759455601034e-01
1.145695441495956368e+00 -1.684916245149429836e-01 -1.402567244827738757e-01
1.151821991601331918e+00 -1.369244668084624028e-01 -1.087276711863614936e-01
1.157948541706707468e+00 -1.053120899883595585e-01 -7.711007849789085211e-02
1.164075091812082796e+00 -7.360577582933398866e-02 -4.535576794234462417e-02
1.170201641917458346e+00 -4.175752351506320514e-02 -1.341701091380006344e-02
1.176328192022833896e+00 -9.719744212247961174e-03 1.875376877114250801e-02
1.182454742128209224e+00 2.255503321312557832e-02 5.120428467366042874e-02
1.188581292233584774e+00 5.511444937629534496e-02 8.398267376300358467e-02
1.194707842338960102e+00 8.800659826021532683e-02 1.171377823994046441e-01
1.200834392444335652e+00 1.212803114761149409e-01 1.507194559249389054e-01
1.206960942549711202e+00 1.549854465089536559e-01 1.847788355302916741e-01
1.213087492655086530e+00 1.891731825808311562e-01 2.193686661596433995e-01
1.219214042760462080e+00 2.238963278668105739e-01 2.545436193914471512e-01
1.225340592865837630e+00 2.592096419803837648e-01 2.903606354954861857e-01
1.231467142971212958e+00 2.951701779142504312e-01 3.268792892231874303e-01
1.237593693076588508e+00 3.318376479842781168e-01 3.641621843491840704e-01
1.243720243181963836e+00 3.692748187907820001e-01 4.022753825624392210e-01
1.249846793287339386e+00 4.075479407965389989e-01 4.412888730234499901e-01
1.255973343392714936e+00 4.467272188438141667e-01 4.812770897828752004e-01
1.262099893498090264e+00 4.868873308171858816e-01 5.223194853291832640e-01
1.268226443603465814e+00 5.281080027355748996e-01 5.645011698338049388e-01
1.274352993708841364e+00 5.704746498641353192e-01 6.079136272424092713e-01
1.280479543814216692e+00 6.140790950223624645e-01 6.526555212792517491e-01
1.286606093919592242e+00 6.590203771904330488e-01 6.988336067657444639e-01
1.292732644024967792e+00 7.054056658572041005e-01 7.465637645003394551e-01
1.298859194130343120e+00 7.533512994086064563e-01 7.959721814287348263e-01
1.304985744235718670e+00 8.029839693470766093e-01 8.471967021078546933e-01
1.311112294341093998e+00 8.544420764193852991e-01 9.003883827364811410e-01
1.317238844446469548e+00 9.078772900136068413e-01 9.557132855499396173e-01
1.323365394551845098e+00 9.634563487275235039e-01 1.013354559494467289e+00
1.329491944657220426e+00 1.021363148149239342e+00 1.073514863250476292e+00
1.335618494762595976e+00 1.081801172067913930e+00 1.136419199442838091e+00
1.341745044867971526e+00 1.144996336130596148e+00 1.202318245029355248e+00
1.347871594973346854e+00 1.211200329149154209e+00 1.271492283421290503e+00
1.353998145078722404e+00 1.280694557865041716e+00 1.344255870236364725e+00
1.360124695184097732e+00 1.353794827377812204e+00 1.420963398583689807e+00
1.366251245289473282e+00 1.430856923502620726e+00 1.502015773977831925e+00
1.372377795394848832e+00 1.512283307593812243e+00 1.587868466892995212e+00
1.378504345500224160e+00 1.598531192373890963e+00 1.679041287493842960e+00
1.384630895605599710e+00 1.690122343939350236e+00 1.776130329108408512e+00
1.390757445710975260e+00 1.787655057268447978e+00 1.879822664344395378e+00
1.396883995816350588e+00 1.891818890039630219e+00 1.990914564512961782e+00
1.403010545921726138e+00 2.003412926498133739e+00 2.110334269799404527e+00
1.409137096027101688e+00 2.123368600062691680e+00 2.239170694833743536e+00
1.415263646132477016e+00 2.252778460758832146e+00 2.378709957609722370e+00
1.421390196237852566e+00 2.392932776997064082e+00 2.530482338600342107e+00
1.427516746343227894e+00 2.545366580145853597e+00 2.696323319188737244e+00
1.433643296448603444e+00 2.711920802389622409e+00 2.878453884285108177e+00
1.439769846553978994e+00 2.894822693342810727e+00 3.079587577262715925e+00
1.445896396659354322e+00 3.096793002283976470e+00 3.303075317370542496e+00
1.452022946764729872e+00 3.321190930832279786e+00 3.553104491884488958e+00
1.458149496870105422e+00 3.572213354568488874e+00 3.834977636763916120e+00
1.464276046975480750e+00 3.855173596422451610e+00 4.155510475781614588e+00
1.470402597080856300e+00 4.176899455815870077e+00 4.523613545987585027e+00
1.476529147186231850e+00 4.546314583166770618e+00 4.951164425963455074e+00
1.482655697291607177e+00 4.975309925627950491e+00 5.454355354533438671e+00
1.488782247396982727e+00 5.480089410245745363e+00 6.055848735763085244e+00
1.494908797502358055e+00 6.083320991235213526e+00 6.788368310072136147e+00
1.501035347607733605e+00 6.817717696919265435e+00 7.700980919688677595e+00
1.507161897713109155e+00 7.732295977458388592e+00 8.870756379111211842e+00
1.513288447818484483e+00 8.903979010164103869e+00 1.042607168151613095e+01
1.519414997923860033e+00 1.046075458163013394e+01 1.259783662740795762e+01
1.525541548029235583e+00 1.263248267652484635e+01 1.584741307328149418e+01
1.531668098134610911e+00 1.587743676567301598e+01 2.124976189095010071e+01
1.537794648239986461e+00 2.125982212904099811e+01 3.202226710662396414e+01
1.543921198345361789e+00 3.194583079688413818e+01 6.417842857788438948e+01
1.550047748450737339e+00 -3.763530762792555606e+01 1.577337023735033199e+02
1.556174298556112889e+00 -2.840033570722198419e+02 1.800680879001298536e+02
1.562300848661488217e+00 -6.744439315655755252e+01 -3.297085576144737473e+01
1.568427398766863767e+00 -3.342447011314943239e+01 -2.202755241372168626e+01
1.574553948872239317e+00 -2.227433926694921951e+01 -1.656520276603257713e+01
1.580680498977614645e+00 -1.672916473735344312e+01 -1.328746084176951747e+01
1.586807049082990195e+00 -1.340844789053221220e+01 -1.109995552265924168e+01
1.592933599188365745e+00 -1.119511943113128716e+01 -9.534684657322724632e+00
1.599060149293741073e+00 -9.612794768676581114e+00 -8.357966927178200223e+00
1.605186699399116623e+00 -8.424049125125890214e+00 -7.440101856456056595e+00
1.611313249504491951e+00 -7.497280839924446383e+00 -6.703322681106326897e+00
1.617439799609867501e+00 -6.753663287168623519e+00 -6.098167126257176385e+00
1.623566349715243051e+00 -6.143100017471082808e+00 -5.591673479647925049e+00
1.629692899820618379e+00 -5.632228156541354558e+00 -5.161029109599346576e+00
1.635819449925993929e+00 -5.197969664167517934e+00 -4.789943098555619727e+00
1.641946000031369479e+00 -4.823851417681487064e+00 -4.466470833134728480e+00
1.648072550136744807e+00 -4.497799784019484548e+00 -4.181654900185963974e+00
1.654199100242120357e+00 -4.210763554326634406e+00 -3.928645955768310660e+00
1.660325650347495685e+00 -3.955823634737501315e+00 -3.702116803117768029e+00
1.666452200452871235e+00 -3.727599928983592825e+00 -3.497861596510082105e+00
1.672578750558246785e+00 -3.521845773040597205e+00 -3.312515343664681478e+00
1.678705300663622113e+00 -3.335164194289343520e+00 -3.143353587634668767e+00
1.684831850768997663e+00 -3.164805337342659897e+00 -2.988146744696730028e+00
1.690958400874373213e+00 -3.008519200616368572e+00 -2.845052456437695554e+00
1.697084950979748541e+00 -2.864446831116909120e+00 -2.712534863854737299e+00
1.703211501085124091e+00 -2.731038748433012753e+00 -2.589303262223742408e+00
1.709338051190499641e+00 -2.606992965883454971e+00 -2.474264916772415113e+00
1.715464601295874969e+00 -2.491207327409736383e+00 -2.366488366424447598e+00
1.721591151401250519e+00 -2.382742445147092880e+00 -2.265174592606427506e+00
1.727717701506625847e+00 -2.280792585022395791e+00 -2.169634153943990729e+00
1.733844251612001397e+00 -2.184662580136160326e+00 -2.079268894284118208e+00
1.739970801717376947e+00 -2.093749364184180006e+00 -1.993557190963518799e+00
1.746097351822752275e+00 -2.007527080758732652e+00 -1.912041968587865126e+00
1.752223901928127825e+00 -1.925534985613909011e+00 -1.834320891454230384e+00
1.758350452033503375e+00 -1.847367548920094915e+00 -1.760038285870009434e+00
1.764477002138878703e+00 -1.772666304155852135e+00 -1.688878446216331319e+00
1.770603552244254253e+00 -1.701113093980171742e+00 -1.620560055542386912e+00
1.776730102349629803e+00 -1.632424441178618402e+00 -1.554831509695381309e+00
1.782856652455005131e+00 -1.566346831603424361e+00 -1.491466978416082334e+00
1.788983202560380681e+00 -1.502652740910168427e+00 -1.430263071000641428e+00
1.795109752665756009e+00 -1.441137271412512355e+00 -1.371036000609290095e+00
1.801236302771131559e+00 -1.381615292122525540e+00 -1.313619161967272797e+00
1.807362852876507109e+00 -1.323918995915397634e+00 -1.257861053438783738e+00
1.813489402981882437e+00 -1.267895804152277650e+00 -1.203623487291194616e+00
1.819615953087257987e+00 -1.213406562056314142e+00 -1.150780042174655238e+00
1.825742503192633537e+00 -1.160323978445070292e+00 -1.099214720009747293e+00
1.831869053298008865e+00 -1.108531271666154394e+00 -1.048820776041950120e+00
1.837995603403384415e+00 -1.057920990213348622e+00 -9.994996961312191397e-01
1.844122153508759743e+00 -1.008393981858777932e+00 -9.511602996567221080e-01
1.850248703614135293e+00 -9.598584894895733077e-01 -9.037179499362352209e-01
1.856375253719510843e+00 -9.122293553889073703e-01 -8.570938569438391053e-01
1.862501803824886171e+00 -8.654273186127672268e-01 -8.112144594843094803e-01
1.868628353930261721e+00 -8.193783925098233611e-01 -7.660108759442408877e-01
1.874754904035637271e+00 -7.740133114116181101e-01 -7.214184143681633410e-01
1.880881454141012599e+00 -7.292670371629906834e-01 -6.773761339619079891e-01
1.887008004246388149e+00 -6.850783175295611649e-01 -6.338264512582041377e-01
1.893134554351763699e+00 -6.413892896611492755e-01 -5.907147851265978078e-01
1.899261104457139027e+00 -5.981451227464987808e-01 -5.479892356069501202e-01
1.905387654562514577e+00 -5.552936947986999439e-01 -5.056002922166557001e-01
1.911514204667889905e+00 -5.127852991877539512e-01 -4.635005679482684382e-01
1.917640754773265455e+00 -4.705723771081634088e-01 -4.216445556531254746e-01
1.923767304878641005e+00 -4.286092726536381847e-01 -3.799884039130721480e-01
1.929893854984016333e+00 -3.868520075801427649e-01 -3.384897098459501708e-01
1.936020405089391883e+00 -3.452580731866878860e-01 -2.971073265831237764e-01
1.942146955194767433e+00 -3.037862370373780596e-01 -2.558011834040690435e-01
1.948273505300142761e+00 -2.623963624991342836e-01 -2.145321167233825432e-01
1.954400055405518311e+00 -2.210492392807493767e-01 -1.732617103018246063e-01
1.960526605510893638e+00 -1.797064233379504772e-01 -1.319521432016445284e-01
1.966653155616269188e+00 -1.383300846598986278e-01 -9.056604413058910730e-02
1.972779705721644739e+00 -9.688286157765660378e-02 -4.906635092058183462e-02
1.978906255827020066e+00 -5.532772033951261631e-02 -7.416173970411549590e-03
1.985032805932395616e+00 -1.362781878209269604e-02 3.442133745329217093e-02
1.991159356037771166e+00 2.825362700675797256e-02 7.648312711264694530e-02
1.997285906143146494e+00 7.035347408594762320e-02 1.188063629139429894e-01
2.003412456248522044e+00 1.127087831362766218e-01 1.614285682418234724e-01
2.009539006353897594e+00 1.553569490061818270e-01 2.043877545044558708e-01
2.015665556459273144e+00 1.983358323120776867e-01 2.477225558874246170e-01
2.021792106564648250e+00 2.416838930801609164e-01 2.914723673314684738e-01
2.027918656670023800e+00 2.854403274329885831e-01 3.356774867813789309e-01
2.034045206775399350e+00 3.296452083525728272e-01 3.803792627972952811e-01
2.040171756880774900e+00 3.743396315945438091e-01 4.256202486800880203e-01
2.046298306986150450e+00 4.195658678840081257e-01 4.714443643359355618e-01
2.052424857091525556e+00 4.653675225954192474e-01 5.178970671984338692e-01
2.058551407196901106e+00 5.117897042064051272e-01 5.650255336350598068e-01
2.064677957302276656e+00 5.588792029219805668e-01 6.128788523971596680e-01
2.070804507407652206e+00 6.066846809907872062e-01 6.615082318256645388e-01
2.076931057513027756e+00 6.552568763841487565e-01 7.109672227057570737e-01
2.083057607618403306e+00 7.046488216825569362e-01 7.613119588744001742e-01
2.089184157723778412e+00 7.549160802169140316e-01 8.126014179296908724e-01
2.095310707829153962e+00 8.061170017495010720e-01 8.648977046765568000e-01
2.101437257934529512e+00 8.583130002532219915e-01 9.182663602747609399e-01
2.107563808039905062e+00 9.115688566691620975e-01 9.727767004418650387e-01
2.113690358145280612e+00 9.659530498929013165e-01 1.028502186512027627e+00
2.119816908250655718e+00 1.021538119674033629e+00 1.085520833676536290e+00
2.125943458356031268e+00 1.078401065616663157e+00 1.143915661342232770e+00
2.132070008461406818e+00 1.136623787057664758e+00 1.203775191260797461e+00
2.138196558566782368e+00 1.196293569287224745e+00 1.265193999919403955e+00
2.144323108672157918e+00 1.257503622381744401e+00 1.328273332669400286e+00
2.150449658777533468e+00 1.320353679866310470e+00 1.393121788230763380e+00
2.156576208882908574e+00 1.384950665537014070e+00 1.459856083581787090e+00
2.162702758988284124e+00 1.451409438089281245e+00 1.528601910868456315e+00
2.168829309093659674e+00 1.519853624754189392e+00 1.599494899899379652e+00
2.174955859199035224e+00 1.590416556994187713e+00 1.672681702095714096e+00
2.181082409304410774e+00 1.663242323510317089e+00 1.748321214519608313e+00
2.187208959409785880e+00 1.738486958445417452e+00 1.826585965913461118e+00
2.193335509515161430e+00 1.816319785823776289e+00 1.907663690668384593e+00
2.199462059620536980e+00 1.896924945067400170e+00 1.991759121463329452e+00
2.205588609725912530e+00 1.980503127021579823e+00 2.079096037176184630e+00
2.211715159831288080e+00 2.067273555493766679e+00 2.169919609815342820e+00
2.217841709936663630e+00 2.157476256099740919e+00 2.264499102982289624e+00
2.223968260042038736e+00 2.251374662521622216e+00 2.363130985161597142e+00
2.230094810147414286e+00 2.349258620500016992e+00 2.466142534481750914e+00
2.236221360252789836e+00 2.451447862509558817e+00 2.573896028192882657e+00
2.242347910358165386e+00 2.558296041748339800e+00 2.686793630866838090e+00
2.248474460463540936e+00 2.670195433651355366e+00 2.805283121438018057e+00
2.254601010568916042e+00 2.787582437725369289e+00 2.929864632243035949e+00
2.260727560674291592e+00 2.910944043557262884e+00 3.061098615290152036e+00
2.266854110779667142e+00 3.040825464324492522e+00 3.199615304924678938e+00
2.272980660885042692e+00 3.177839191641945948e+00 3.346126015688924316e+00
2.279107210990418242e+00 3.322675790655649219e+00 3.501436704755259921e+00
2.285233761095793792e+00 3.476116838760678451e+00 3.666464347073205676e+00
2.291360311201168898e+00 3.639050521820482942e+00 3.842256828420347770e+00
2.297486861306544448e+00 3.812490547524975515e+00 4.030017271091985265e+00
2.303613411411919998e+00 3.997599229511219043e+00 4.231133989266862017e+00
2.309739961517295548e+00 4.195715856485876749e+00 4.447217655336401343e+00
2.315866511622671098e+00 4.408391814268210140e+00 4.680147787298149176e+00
2.321993061728046204e+00 4.637434413870848537e+00 4.932131403762711308e+00
2.328119611833421754e+00 4.884962052133872135e+00 5.205777731923541651e+00
2.334246161938797304e+00 5.153474277784853896e+00 5.504194339502340050e+00
2.340372712044172854e+00 5.445941683858733562e+00 5.831112218531915303e+00
2.346499262149548404e+00 5.765922495996885111e+00 6.191050531579469052e+00
2.352625812254923954e+00 6.117715587995120607e+00 6.589536512103761901e+00
2.358752362360299060e+00 6.506563932779712012e+00 7.033403334634886761e+00
2.364878912465674610e+00 6.938929011283442527e+00 7.531200234556830075e+00
2.371005462571050160e+00 7.422866834368245570e+00 8.093767536084595093e+00
2.377132012676425710e+00 7.968552364050347947e+00 8.735059507629490128e+00
2.383258562781801260e+00 8.589025473212705819e+00 9.473349301843747128e+00
2.389385112887176366e+00 9.301275899804439362e+00 1.033304033428867896e+01
2.395511662992551916e+00 1.012786165322685683e+01 1.134747280044491902e+01
2.401638213097927466e+00 1.109939419258230942e+01 1.256342746850213388e+01
2.407764763203303016e+00 1.225848504894424629e+01 1.404865854883331444e+01
2.413891313308678566e+00 1.366626550749514735e+01 1.590513258899798643e+01
2.420017863414053672e+00 1.541367508970229849e+01 1.829374489832760631e+01
2.426144413519429222e+00 1.764215332714479345e+01 2.148408414054265236e+01
2.432270963624804772e+00 2.058434661453817682e+01 2.596488264594608353e+01
2.438397513730180322e+00 2.465175915154559405e+01 3.272353142725769004e+01
2.444524063835555872e+00 3.064753770463768845e+01 4.410009682464957592e+01
2.450650613940931422e+00 4.037789705503510618e+01 6.731261978882228902e+01
2.456777164046306527e+00 5.532342858851308876e+01 1.067699065308433433e+02
2.462903714151682077e+00 -5.333241495362885587e+01 3.025810551933387273e+02
2.469030264257057627e+00 -5.060098338565082372e+02 4.078088891072094384e+02
2.475156814362433177e+00 -1.646357643870301217e+02 -6.307649064993442778e+01
2.481283364467808727e+00 -7.317601385693527050e+01 -4.266915399397041142e+01
2.487409914573183833e+00 -4.712801317150626090e+01 -3.227189660647800906e+01
2.493536464678559383e+00 -3.479445546640353371e+01 -2.596580641453228822e+01
2.499663014783934933e+00 -2.759708158321619464e+01 -2.173038389970350792e+01
2.505789564889310483e+00 -2.287756203936095645e+01 -1.868759271514651843e+01
2.511916114994686033e+00 -1.954212920083661587e+01 -1.639434809928844317e+01
2.518042665100061583e+00 -1.705817684420279079e+01 -1.460285968611623098e+01
2.524169215205436689e+00 -1.513528777295020333e+01 -1.316371007712755770e+01
2.530295765310812239e+00 -1.360162332103407579e+01 -1.198144343615312657e+01
2.536422315416187789e+00 -1.234900810938538918e+01 -1.099222194524683083e+01
2.542548865521563339e+00 -1.130594615805990522e+01 -1.015173534610302042e+01
2.548675415626938889e+00 -1.042328914503311665e+01 -9.428264343499918709e+00
2.554801965732313995e+00 -9.666137418949716675e+00 -8.798504736418596650e+00
2.560928515837689545e+00 -9.009025146837879916e+00 -8.244950123703246092e+00
2.567055065943065095e+00 -8.432934281460280346e+00 -7.754194257721478856e+00
2.573181616048440645e+00 -7.923375184062982690e+00 -7.315796902419757330e+00
2.579308166153816195e+00 -7.469114350657071633e+00 -6.921506413660178936e+00
2.585434716259191745e+00 -7.061308255364256325e+00 -6.564714660913008260e+00
2.591561266364566851e+00 -6.692899709481102022e+00 -6.240067122305233305e+00
2.597687816469942401e+00 -6.358188375256354163e+00 -5.943178949720038240e+00
2.603814366575317951e+00 -6.052519504488492963e+00 -5.670424858536796009e+00
2.609940916680693501e+00 -5.772054599486808435e+00 -5.418781377919657416e+00
2.616067466786069051e+00 -5.513599898177094616e+00 -5.185706845243173824e+00
2.622194016891444157e+00 -5.274476359805880143e+00 -4.969049012474004989e+00
2.628320566996819707e+00 -5.052419889919108620e+00 -4.766973126010114470e+00
2.634447117102195257e+00 -4.845503905300346581e+00 -4.577905375513826591e+00
2.640573667207570807e+00 -4.652078613010398378e+00 -4.400488011709735581e+00
2.646700217312946357e+00 -4.470722940587969596e+00 -4.233543417288601063e+00
2.652826767418321907e+00 -4.300206145314147577e+00 -4.076045114202793584e+00
2.658953317523697013e+00 -4.139456902500260327e+00 -3.927094193617271412e+00
2.665079867629072563e+00 -3.987538226282670628e+00 -3.785900020895911489e+00
2.671206417734448113e+00 -3.843626978039326403e+00 -3.651764337426811835e+00
2.677332967839823663e+00 -3.706997012215819787e+00 -3.524068081380106854e+00
2.683459517945199213e+00 -3.577005227809225030e+00 -3.402260399818405556e+00
2.689586068050574319e+00 -3.453079957291837143e+00 -3.285849438414718104e+00
2.695712618155949869e+00 -3.334711248291670760e+00 -3.174394581959920192e+00
2.701839168261325419e+00 -3.221442687467027000e+00 -3.067499885749438882e+00
2.707965718366700969e+00 -3.112864488298019872e+00 -2.964808489819962478e+00
2.714092268472076519e+00 -3.008607620456515086e+00 -2.865997848521170788e+00
2.720218818577451625e+00 -2.908338802013559210e+00 -2.770775639755247877e+00
2.726345368682827175e+00 -2.811756209953665486e+00 -2.678876243411191904e+00
2.732471918788202725e+00 -2.718585791481336056e+00 -2.590057698570780609e+00
2.738598468893578275e+00 -2.628578080068317835e+00 -2.504099065108533750e+00
2.744725018998953825e+00 -2.541505437342358675e+00 -2.420798128220559065e+00
2.750851569104329375e+00 -2.457159655699609591e+00 -2.339969394861054930e+00
2.756978119209704481e+00 -2.375349867651651348e+00 -2.261442339551907210e+00
2.763104669315080031e+00 -2.295900716954494492e+00 -2.185059863964168958e+00
2.769231219420455581e+00 -2.218650753933734787e+00 -2.110676940354617059e+00
2.775357769525831131e+00 -2.143451023456486748e+00 -2.038159413624387906e+00
2.781484319631206681e+00 -2.070163818967945435e+00 -1.967382940641316136e+00
2.787610869736581787e+00 -1.998661580113446190e+00 -1.898232048684103557e+00
2.793737419841957337e+00 -1.928825914870766489e+00 -1.830599297547871984e+00
2.799863969947332887e+00 -1.860546729952261336e+00 -1.764384532094346092e+00
2.805990520052708437e+00 -1.793721455604142090e+00 -1.699494213911954210e+00
2.812117070158083987e+00 -1.728254352917537817e+00 -1.635840822337915501e+00
2.818243620263459537e+00 -1.664055893436728217e+00 -1.573342316433583354e+00
2.824370170368834643e+00 -1.601042202261143022e+00 -1.511921650640119186e+00
2.830496720474210193e+00 -1.539134557032751482e+00 -1.451506337806989899e+00
2.836623270579585743e+00 -1.478258936214893016e+00 -1.392028054108242152e+00
2.842749820684961293e+00 -1.418345610932921330e+00 -1.333422281064722492e+00
2.848876370790336843e+00 -1.359328775385735710e+00 -1.275627980493534208e+00
2.855002920895711949e+00 -1.301146211468480640e+00 -1.218587298722801915e+00
2.861129471001087499e+00 -1.243738983790541264e+00 -1.162245296856747601e+00
2.867256021106463049e+00 -1.187051161738854610e+00 -1.106549704259726319e+00
2.873382571211838599e+00 -1.131029565640142343e+00 -1.051450692761397576e+00
2.879509121317214149e+00 -1.075623534423629124e+00 -9.969006693733739599e-01
2.885635671422589699e+00 -1.020784712487284862e+00 -9.428540855579737867e-01
2.891762221527964805e+00 -9.664668537327899545e-01 -8.892672613079157795e-01
2.897888771633340355e+00 -9.126256409615985943e-01 -8.360982224851650768e-01
2.904015321738715905e+00 -8.592185190230173797e-01 -7.833065500330446129e-01
2.910141871844091455e+00 -8.062045402780566583e-01 -7.308532398203357872e-01
2.916268421949467005e+00 -7.535442210937379759e-01 -6.787005720025257594e-01
2.922394972054842111e+00 -7.011994082147466889e-01 -6.268119888962481179e-01
2.928521522160217661e+00 -6.491331539746861834e-01 -5.751519804597500229e-01
2.934648072265593211e+00 -5.973095994106774054e-01 -5.236859765574113368e-01
2.940774622370968761e+00 -5.456938644333317878e-01 -4.723802452603615420e-01
2.946901172476344311e+00 -4.942519442821974307e-01 -4.212017965006905618e-01
2.953027722581719861e+00 -4.429506115644114006e-01 -3.701182904532668849e-01
2.959154272687094966e+00 -3.917573232337560607e-01 -3.190979500687305959e-01
2.965280822792470516e+00 -3.406401319195748734e-01 -2.681094772246567226e-01
2.971407372897846066e+00 -2.895676010594741001e-01 -2.171219719984324448e-01
2.977533923003221616e+00 -2.385087233295028475e-01 -1.661048545979965374e-01
2.983660473108597166e+00 -1.874328418986214717e-01 -1.150277895132117978e-01
2.989787023213972272e+00 -1.363095740635999198e-01 -6.386061147401300708e-02
2.995913573319347822e+00 -8.510873684429538788e-02 -1.257325281978762324e-02
3.002040123424723372e+00 -3.380027413995521923e-02 3.886432809998240784e-02
3.008166673530098922e+00 1.764581493670053930e-02 9.048221786250772170e-02
3.014293223635474472e+00 6.925954691766995908e-02 1.423106186059996392e-01
3.020419773740849578e+00 1.210710243910529116e-01 1.943799187168894493e-01
3.026546323846225128e+00 1.731105063195324534e-01 2.467207639226584315e-01
3.032672873951600678e+00 2.254084786172148025e-01 2.993641291446102470e-01
3.038799424056976228e+00 2.779957253356427072e-01 3.523413914687589243e-01
3.044925974162351778e+00 3.309034008121644610e-01 4.056844045997166637e-01
3.051052524267727328e+00 3.841631031403585639e-01 4.594255751734632187e-01
3.057179074373102434e+00 4.378069493303540782e-01 5.135979413176586794e-01
