3.057179074373102848e-05 2.567566189704337365e+00 2.594871860919282014e+00 2.622409394473261379e+00
6.157121896119199453e-03 1.860732928963277244e+00 1.888038600178221671e+00 1.915576133732201036e+00
1.228367200149466792e-02 1.547094155341657951e+00 1.574399826556602378e+00 1.601937360110581743e+00
1.841022210687013813e-02 1.306251678301436625e+00 1.333557349516381052e+00 1.361094883070360417e+00
2.453677221224560487e-02 1.103151602946454757e+00 1.130457274161399184e+00 1.157994807715378549e+00
3.066332231762107161e-02 9.241878303163814090e-01 9.514935015313259470e-01 9.790310350853053123e-01
3.678987242299654875e-02 7.623756643406386369e-01 7.896813355555831748e-01 8.172188691095625401e-01
4.291642252837201549e-02 6.135635332761785188e-01 6.408692044911230568e-01 6.684067380451024221e-01
4.904297263374748223e-02 4.750454396292559389e-01 5.023511108442004769e-01 5.298886443981798422e-01
5.516952273912294896e-02 3.449412828572117617e-01 3.722469540721569103e-01 3.997844876261369418e-01
6.129607284449841570e-02 2.218818939043701866e-01 2.491875651193140584e-01 2.767250986732928131e-01
6.742262294987387550e-02 1.048334957366473946e-01 1.321391669515925571e-01 1.596767005055725885e-01
7.354917305524935611e-02 -7.007156691158796490e-03 2.029851452378572674e-02 4.783604807776512674e-02
7.967572316062482285e-02 -1.142789094343358153e-01 -8.697323821939129118e-02 -5.943570466541189118e-02
8.580227326600028959e-02 -2.174997821910652218e-01 -1.901941109761207116e-01 -1.626565774221413185e-01
9.192882337137575632e-02 -3.170967295161831734e-01 -2.897910583012386354e-01 -2.622535247472592146e-01
9.805537347675122306e-02 -4.134265919268139688e-01 -3.861209207118694309e-01 -3.585833871578900101e-01
1.041819235821266898e-01 -5.067912291507751243e-01 -4.794855579358312525e-01 -4.519480243818524978e-01
1.103084736875021565e-01 -5.974486960885089237e-01 -5.701430248735643858e-01 -5.426054913195850204e-01
1.164350237928776233e-01 -6.856216572505496876e-01 -6.583159860356051496e-01 -6.307784524816257843e-01
1.225615738982530900e-01 -7.715038305201419311e-01 -7.441981593051973931e-01 -7.166606257512180278e-01
1.286881240036285567e-01 -8.552649965968436296e-01 -8.279593253818990917e-01 -8.004217918279197264e-01
1.348146741090040235e-01 -9.370549460453142521e-01 -9.097492748303697141e-01 -8.822117412763903488e-01
1.409412242143794902e-01 -1.017006627001602270e+00 -9.897009557866578433e-01 -9.621634222326784780e-01
1.470677743197549847e-01 -1.095238682913399986e+00 -1.067933011698455559e+00 -1.040395478144476193e+00
1.531943244251304515e-01 -1.171857518845963897e+00 -1.144551847631019470e+00 -1.117014314077040105e+00
1.593208745305059182e-01 -1.246958999170027838e+00 -1.219653327955082744e+00 -1.192115794401102713e+00
1.654474246358813849e-01 -1.320629853953721566e+00 -1.293324182738777139e+00 -1.265786649184797774e+00
1.715739747412568517e-01 -1.392948852913377111e+00 -1.365643181698432684e+00 -1.338105648144453319e+00
1.777005248466323184e-01 -1.463987792220627471e+00 -1.436682121005683044e+00 -1.409144587451703678e+00
1.838270749520077851e-01 -1.533812329386262219e+00 -1.506506658171318236e+00 -1.478969124617339537e+00
1.899536250573832519e-01 -1.602482693865813657e+00 -1.575177022650869674e+00 -1.547639489096890975e+00
1.960801751627587186e-01 -1.670054295276403922e+00 -1.642748624061459495e+00 -1.615211090507480129e+00
2.022067252681341853e-01 -1.736578246698768924e+00 -1.709272575483824497e+00 -1.681735041929845131e+00
2.083332753735096521e-01 -1.802101817119712068e+00 -1.774796145904767641e+00 -1.747258612350788276e+00
2.144598254788851188e-01 -1.866668824400835591e+00 -1.839363153185891164e+00 -1.811825619631911799e+00
2.205863755842605856e-01 -1.930319978058434360e+00 -1.903014306843489933e+00 -1.875476773289510568e+00
2.267129256896360523e-01 -1.993093179473463650e+00 -1.965787508258518557e+00 -1.938249974704538525e+00
2.328394757950115190e-01 -2.055023785820242477e+00 -2.027718114605297828e+00 -2.000180581051318462e+00
2.389660259003869858e-01 -2.116144842933205705e+00 -2.088839171718261056e+00 -2.061301638164281691e+00
2.450925760057624525e-01 -2.176487291466324692e+00 -2.149181620251379599e+00 -2.121644086697399345e+00
2.512191261111379470e-01 -2.236080149996098054e+00 -2.208774478781153405e+00 -2.181236945227174040e+00
2.573456762165133860e-01 -2.294950678143556910e+00 -2.267645006928612261e+00 -2.240107473374632896e+00
2.634722263218888805e-01 -2.353124522317279865e+00 -2.325818851102335216e+00 -2.298281317548355851e+00
2.695987764272643195e-01 -2.410625846288283025e+00 -2.383320175073338376e+00 -2.355782641519359011e+00
2.757253265326398139e-01 -2.467477448482665370e+00 -2.440171777267721609e+00 -2.412634243713742688e+00
2.818518766380152529e-01 -2.523700867606958109e+00 -2.496395196392013460e+00 -2.468857662838034095e+00
2.879784267433907474e-01 -2.579316477994044288e+00 -2.552010806779099639e+00 -2.524473273225120273e+00
2.941049768487662419e-01 -2.634343575866533893e+00 -2.607037904651589244e+00 -2.579500371097609879e+00
3.002315269541416809e-01 -2.688800457553194079e+00 -2.661494786338248986e+00 -2.633957252784268732e+00
3.063580770595171754e-01 -2.742704490557286601e+00 -2.715398819342341952e+00 -2.687861285788362586e+00
3.124846271648926144e-01 -2.796072178259404684e+00 -2.768766507044460923e+00 -2.741228973490482002e+00
3.186111772702681089e-01 -2.848919218938071207e+00 -2.821613547723126558e+00 -2.794076014169147193e+00
3.247377273756435478e-01 -2.901260559706376529e+00 -2.873954888491432769e+00 -2.846417354937453847e+00
3.308642774810190423e-01 -2.953110445889862046e+00 -2.925804774674917397e+00 -2.898267241120938031e+00
3.369908275863944813e-01 -3.004482466307915711e+00 -2.977176795092971062e+00 -2.949639261538991697e+00
3.431173776917699758e-01 -3.055389594866560810e+00 -3.028083923651616161e+00 -3.000546390097636795e+00
3.492439277971454148e-01 -3.105844228823371633e+00 -3.078538557608426984e+00 -3.051001024054447619e+00
3.553704779025209093e-01 -3.155858224044240767e+00 -3.128552552829296118e+00 -3.101015019275316753e+00
3.614970280078963483e-01 -3.205442927536144015e+00 -3.178137256321200255e+00 -3.150599722767221333e+00
3.676235781132718428e-01 -3.254609207508753155e+00 -3.227303536293808506e+00 -3.199766002739829140e+00
3.737501282186472817e-01 -3.303367481190501831e+00 -3.276061809975557182e+00 -3.248524276421577817e+00
3.798766783240227762e-01 -3.351727740600849881e+00 -3.324422069385905232e+00 -3.296884535831925866e+00
3.860032284293982152e-01 -3.399699576459255024e+00 -3.372393905244310375e+00 -3.344856371690331009e+00
3.921297785347737097e-01 -3.447292200392961359e+00 -3.419986529178016710e+00 -3.392448995624037344e+00
3.982563286401492042e-01 -3.494514465589222407e+00 -3.467208794374277758e+00 -3.439671260820298393e+00
4.043828787455246432e-01 -3.541374886023116897e+00 -3.514069214808172248e+00 -3.486531681254192883e+00
4.105094288509001377e-01 -3.587881654379192486e+00 -3.560575983164248726e+00 -3.533038449610269804e+00
4.166359789562755767e-01 -3.634042658773814605e+00 -3.606736987558869956e+00 -3.579199454004890590e+00
4.227625290616510711e-01 -3.679865498374823130e+00 -3.652559827159878481e+00 -3.625022293605899115e+00
4.288890791670265101e-01 -3.725357498006153900e+00 -3.698051826791209251e+00 -3.670514293237229886e+00
4.350156292724020046e-01 -3.770525721816828213e+00 -3.743220050601884452e+00 -3.715682517047905531e+00
4.411421793777774436e-01 -3.815376986086611577e+00 -3.788071314871666928e+00 -3.760533781317687563e+00
4.472687294831529381e-01 -3.859917871234002984e+00 -3.832612200019058335e+00 -3.805074666465078970e+00
4.533952795885283771e-01 -3.904154733086510287e+00 -3.876849061871565638e+00 -3.849311528317586273e+00
4.595218296939038716e-01 -3.948093713467819565e+00 -3.920788042252874916e+00 -3.893250508698895551e+00
4.656483797992793106e-01 -3.991740750151812289e+00 -3.964435078936867640e+00 -3.936897545382888275e+00
4.717749299046548050e-01 -4.035101586229112414e+00 -4.007795915014167321e+00 -3.980258381460187067e+00
4.779014800100302440e-01 -4.078181778927951306e+00 -4.050876107713007102e+00 -4.023338574159027736e+00
4.840280301154057385e-01 -4.120986707927769110e+00 -4.093681036712824906e+00 -4.066143503158845540e+00
4.901545802207811775e-01 -4.163521583200699538e+00 -4.136215911985754445e+00 -4.108678378431774192e+00
4.962811303261566720e-01 -4.205791452413332188e+00 -4.178485781198387983e+00 -4.150948247644408617e+00
5.024076804315321665e-01 -4.247801207918537436e+00 -4.220495536703593231e+00 -4.192958003149613866e+00
5.085342305369076055e-01 -4.289555593364695163e+00 -4.262249922149750958e+00 -4.234712388595771593e+00
5.146607806422830445e-01 -4.331059209947691890e+00 -4.303753538732747685e+00 -4.276216005178768320e+00
5.207873307476585945e-01 -4.372316522328957511e+00 -4.345010851114013306e+00 -4.317473317560033941e+00
5.269138808530340334e-01 -4.413331864241096802e+00 -4.386026193026152598e+00 -4.358488659472173232e+00
5.330404309584094724e-01 -4.454109443801049117e+00 -4.426803772586104913e+00 -4.399266239032126435e+00
5.391669810637849114e-01 -4.494653348549198846e+00 -4.467347677334254641e+00 -4.439810143780275276e+00
5.452935311691604614e-01 -4.534967550231541189e+00 -4.507661879016596984e+00 -4.480124345462617619e+00
5.514200812745359004e-01 -4.575055909340693283e+00 -4.547750238125749078e+00 -4.520212704571769713e+00
5.575466313799113394e-01 -4.614922179430513971e+00 -4.587616508215569766e+00 -4.560078974661590401e+00
5.636731814852867783e-01 -4.654570011217916026e+00 -4.627264340002971821e+00 -4.599726806448992456e+00
5.697997315906623284e-01 -4.694002956484585987e+00 -4.666697285269641782e+00 -4.639159751715663305e+00
5.759262816960377673e-01 -4.733224471790420829e+00 -4.705918800575476624e+00 -4.678381267021497258e+00
5.820528318014132063e-01 -4.772237922009657574e+00 -4.744932250794713369e+00 -4.717394717240734003e+00
5.881793819067887563e-01 -4.811046583699935653e+00 -4.783740912484990560e+00 -4.756203378931010306e+00
5.943059320121641953e-01 -4.849653648313835497e+00 -4.822347977098891292e+00 -4.794810443544911926e+00
6.004324821175396343e-01 -4.888062225261831095e+00 -4.860756554046886890e+00 -4.833219020492908413e+00
6.065590322229150733e-01 -4.926275344834910364e+00 -4.898969673619966159e+00 -4.871432140065987682e+00
6.126855823282906233e-01 -4.964295960994728141e+00 -4.936990289779783936e+00 -4.909452756225804571e+00
6.188121324336660622e-01 -5.002126954038472739e+00 -4.974821282823528534e+00 -4.947283749269549169e+00
6.249386825390415012e-01 -5.039771133145317883e+00 -5.012465461930373678e+00 -4.984927928376394313e+00
6.310652326444169402e-01 -5.077231238810788305e+00 -5.049925567595844100e+00 -5.022388034041864735e+00
6.371917827497924902e-01 -5.114509945175043093e+00 -5.087204273960098888e+00 -5.059666740406119523e+00
6.433183328551679292e-01 -5.151609862250627891e+00 -5.124304191035683687e+00 -5.096766657481705209e+00
6.494448829605433682e-01 -5.188533538055007277e+00 -5.161227866840063072e+00 -5.133690333286083707e+00
6.555714330659188072e-01 -5.225283460652756951e+00 -5.197977789437812746e+00 -5.170440255883833380e+00
6.616979831712943572e-01 -5.261862060112075135e+00 -5.234556388897130930e+00 -5.207018855343151564e+00
6.678245332766697961e-01 -5.298271710379959920e+00 -5.270966039165015715e+00 -5.243428505611036350e+00
6.739510833820452351e-01 -5.334514731080147065e+00 -5.307209059865202860e+00 -5.279671526311223495e+00
6.800776334874206741e-01 -5.370593389237661164e+00 -5.343287718022716959e+00 -5.315750184468737594e+00
6.862041835927962241e-01 -5.406509900933608392e+00 -5.379204229718663299e+00 -5.351666696164683046e+00
6.923307336981716631e-01 -5.442266432893622330e+00 -5.414960761678678125e+00 -5.387423228124699648e+00
6.984572838035471021e-01 -5.477865104013214470e+00 -5.450559432798270265e+00 -5.423021899244290900e+00
7.045838339089226521e-01 -5.513307986823019924e+00 -5.486002315608075719e+00 -5.458464782054097242e+00
7.107103840142980911e-01 -5.548597108896841767e+00 -5.521291437681897563e+00 -5.493753904127918197e+00
7.168369341196735300e-01 -5.583734454205187880e+00 -5.556428782990243675e+00 -5.528891249436264310e+00
7.229634842250489690e-01 -5.618721964416862669e+00 -5.591416293201918464e+00 -5.563878759647939098e+00
7.290900343304245190e-01 -5.653561540151030407e+00 -5.626255868936086202e+00 -5.598718335382106837e+00
7.352165844357999580e-01 -5.688255042182011501e+00 -5.660949370967067296e+00 -5.633411837413088818e+00
7.413431345411753970e-01 -5.722804292599017018e+00 -5.695498621384071924e+00 -5.667961087830091671e+00
7.474696846465508360e-01 -5.757211075922819887e+00 -5.729905404707874794e+00 -5.702367871153894541e+00
7.535962347519263860e-01 -5.791477140181339855e+00 -5.764171468966395651e+00 -5.736633935412417173e+00
7.597227848573018250e-01 -5.825604197945941642e+00 -5.798298526730997438e+00 -5.770760993177018072e+00
7.658493349626772639e-01 -5.859593927330215557e+00 -5.832288256115271352e+00 -5.804750722561291987e+00
7.719758850680527029e-01 -5.893447972952857938e+00 -5.866142301737912845e+00 -5.838604768183932592e+00
7.781024351734282529e-01 -5.927167946866240378e+00 -5.899862275651296173e+00 -5.872324742097316808e+00
7.842289852788036919e-01 -5.960755429452146537e+00 -5.933449758237202332e+00 -5.905912224683223855e+00
7.903555353841791309e-01 -5.994211970286071001e+00 -5.966906299071126796e+00 -5.939368765517148319e+00
7.964820854895546809e-01 -6.027539088971420433e+00 -6.000233417756476229e+00 -5.972695884202497751e+00
8.026086355949301199e-01 -6.060738275944909326e+00 -6.033432604729965121e+00 -6.005895071175985755e+00
8.087351857003055589e-01 -6.093810993254332509e+00 -6.066505322039388304e+00 -6.038967788485408938e+00
8.148617358056809978e-01 -6.126758675309875279e+00 -6.099453004094931075e+00 -6.071915470540951709e+00
8.209882859110565478e-01 -6.159582729610055374e+00 -6.132277058395111169e+00 -6.104739524841131804e+00
8.271148360164319868e-01 -6.192284537443312864e+00 -6.164978866228368659e+00 -6.137441332674389294e+00
8.332413861218074258e-01 -6.224865454566285372e+00 -6.197559783351341167e+00 -6.170022249797361802e+00
8.393679362271828648e-01 -6.257326811859660332e+00 -6.230021140644716127e+00 -6.202483607090736761e+00
8.454944863325584148e-01 -6.289669915962531554e+00 -6.262364244747587350e+00 -6.234826711193607984e+00
8.516210364379338538e-01 -6.321896049886107427e+00 -6.294590378671163222e+00 -6.267052845117183857e+00
8.577475865433092928e-01 -6.354006473607578975e+00 -6.326700802392634770e+00 -6.299163268838655405e+00
8.638741366486847317e-01 -6.386002424644956044e+00 -6.358696753430011839e+00 -6.331159219876032473e+00
8.700006867540602817e-01 -6.417885118613553708e+00 -6.390579447398609503e+00 -6.363041913844630137e+00
8.761272368594357207e-01 -6.449655749764914070e+00 -6.422350078549969865e+00 -6.394812544995990500e+00
8.822537869648111597e-01 -6.481315491508763849e+00 -6.454009820293819644e+00 -6.426472286739840278e+00
8.883803370701867097e-01 -6.512865496918714747e+00 -6.485559825703770542e+00 -6.458022292149791177e+00
8.945068871755621487e-01 -6.544306899222282148e+00 -6.517001228007337943e+00 -6.489463694453358578e+00
9.006334372809375877e-01 -6.575640812275834968e+00 -6.548335141060890763e+00 -6.520797607506911397e+00
9.067599873863130266e-01 -6.606868331025020247e+00 -6.579562659810076042e+00 -6.552025126256096677e+00
9.128865374916885767e-01 -6.637990531951225570e+00 -6.610684860736281365e+00 -6.583147327182302000e+00
9.190130875970640156e-01 -6.669008473504567824e+00 -6.641702802289623619e+00 -6.614165268735644254e+00
9.251396377024394546e-01 -6.699923196523923430e+00 -6.672617525308979225e+00 -6.645079991754999860e+00
9.312661878078148936e-01 -6.730735724644456575e+00 -6.703430053429512370e+00 -6.675892519875533004e+00
9.373927379131904436e-01 -6.761447064693103748e+00 -6.734141393478159543e+00 -6.706603859924180178e+00
9.435192880185658826e-01 -6.792058207072439124e+00 -6.764752535857494919e+00 -6.737215002303515554e+00
9.496458381239413216e-01 -6.822570126133361335e+00 -6.795264454918417130e+00 -6.767726921364437764e+00
9.557723882293167605e-01 -6.852983780536949787e+00 -6.825678109322005582e+00 -6.798140575768026217e+00
9.618989383346923105e-01 -6.883300113605922199e+00 -6.855994442390977994e+00 -6.828456908836998629e+00
9.680254884400677495e-01 -6.913520053666021958e+00 -6.886214382451077753e+00 -6.858676848897098388e+00
9.741520385454431885e-01 -6.943644514377703025e+00 -6.916338843162758820e+00 -6.888801309608779455e+00
9.802785886508186275e-01 -6.973674395058441000e+00 -6.946368723843496795e+00 -6.918831190289517430e+00
9.864051387561941775e-01 -7.003610580995997204e+00 -6.976304909781052999e+00 -6.948767376227073633e+00
9.925316888615696165e-01 -7.033453943752928872e+00 -7.006148272537984667e+00 -6.978610738984005302e+00
9.986582389669450555e-01 -7.063205341462666986e+00 -7.035899670247722781e+00 -7.008362136693743416e+00
1.004784789072320716e+00 -7.092865619117426412e+00 -7.065559947902482207e+00 -7.038022414348502842e+00
1.010911339177696044e+00 -7.122435608848232569e+00 -7.095129937633288364e+00 -7.067592404079308999e+00
1.017037889283071594e+00 -7.151916130197311539e+00 -7.124610458982367334e+00 -7.097072925428387968e+00
1.023164439388447144e+00 -7.181307990383122508e+00 -7.154002319168178303e+00 -7.126464785614198938e+00
1.029290989493822472e+00 -7.210611984558245702e+00 -7.183306313343301497e+00 -7.155768779789322132e+00
1.035417539599198022e+00 -7.239828896060392260e+00 -7.212523224845448055e+00 -7.184985691291468690e+00
1.041544089704573572e+00 -7.268959496656699493e+00 -7.241653825441755288e+00 -7.214116291887775922e+00
1.047670639809948900e+00 -7.298004546781629465e+00 -7.270698875566685260e+00 -7.243161342012705894e+00
1.053797189915324450e+00 -7.326964795768559746e+00 -7.299659124553615541e+00 -7.272121590999636176e+00
1.059923740020699778e+00 -7.355840982075355861e+00 -7.328535310860411656e+00 -7.300997777306432290e+00
1.066050290126075328e+00 -7.384633833504083533e+00 -7.357328162289139328e+00 -7.329790628735159963e+00
1.072176840231450878e+00 -7.413344067415022387e+00 -7.386038396200078182e+00 -7.358500862646098817e+00
1.078303390336826206e+00 -7.441972390935215564e+00 -7.414666719720271360e+00 -7.387129186166291994e+00
1.084429940442201756e+00 -7.470519501161679621e+00 -7.443213829946735416e+00 -7.415676296392756051e+00
1.090556490547577306e+00 -7.498986085359452325e+00 -7.471680414144508120e+00 -7.444142880590528755e+00
1.096683040652952634e+00 -7.527372821154643567e+00 -7.500067149939699362e+00 -7.472529616385719997e+00
1.102809590758328184e+00 -7.555680376722652802e+00 -7.528374705507708597e+00 -7.500837171953729232e+00
1.108936140863703734e+00 -7.583909410971659604e+00 -7.556603739756715399e+00 -7.529066206202736034e+00
1.115062690969079062e+00 -7.612060573721582735e+00 -7.584754902506638530e+00 -7.557217368952659164e+00
1.121189241074454612e+00 -7.640134505878623195e+00 -7.612828834663678990e+00 -7.585291301109699624e+00
1.127315791179829940e+00 -7.668131839605492495e+00 -7.640826168390548290e+00 -7.613288634836568924e+00
1.133442341285205490e+00 -7.696053198487509128e+00 -7.668747527272564923e+00 -7.641209993718585558e+00
1.139568891390581040e+00 -7.723899197694660934e+00 -7.696593526479716729e+00 -7.669055992925737364e+00
1.145695441495956368e+00 -7.751670444139729277e+00 -7.724364772924785072e+00 -7.696827239370805707e+00
1.151821991601331918e+00 -7.779367536632640245e+00 -7.752061865417696040e+00 -7.724524331863716675e+00
1.157948541706707468e+00 -7.806991066031110371e+00 -7.779685394816166166e+00 -7.752147861262186801e+00
1.164075091812082796e+00 -7.834541615387704105e+00 -7.807235944172759901e+00 -7.779698410618780535e+00
1.170201641917458346e+00 -7.862019760093438059e+00 -7.834714088878493854e+00 -7.807176555324514489e+00
1.176328192022833896e+00 -7.889426068017981741e+00 -7.862120396803037536e+00 -7.834582863249058171e+00
1.182454742128209224e+00 -7.916761099646584476e+00 -7.889455428431640271e+00 -7.861917894877660906e+00
1.188581292233584774e+00 -7.944025408213820860e+00 -7.916719736998876655e+00 -7.889182203444897290e+00
1.194707842338960102e+00 -7.971219539834227596e+00 -7.943913868619283392e+00 -7.916376335065304026e+00
1.200834392444335652e+00 -7.998344033629938288e+00 -7.971038362414994083e+00 -7.943500828861014718e+00
1.206960942549711202e+00 -8.025399421855381021e+00 -7.998093750640435928e+00 -7.970556217086456563e+00
1.213087492655086530e+00 -8.052386230019143554e+00 -8.025080558804198461e+00 -7.997543025250219095e+00
1.219214042760462080e+00 -8.079304977003062049e+00 -8.051999305788116956e+00 -8.024461772234136703e+00
1.225340592865837630e+00 -8.106156175178629297e+00 -8.078850503963684204e+00 -8.051312970409703951e+00
1.231467142971212958e+00 -8.132940330520774808e+00 -8.105634659305829715e+00 -8.078097125751849461e+00
1.237593693076588508e+00 -8.159657942719121593e+00 -8.132352271504176500e+00 -8.104814737950196246e+00
1.243720243181963836e+00 -8.186309505286734733e+00 -8.159003834071789640e+00 -8.131466300517809387e+00
1.249846793287339386e+00 -8.212895505666498508e+00 -8.185589834451553415e+00 -8.158052300897573161e+00
1.255973343392714936e+00 -8.239416425335127414e+00 -8.212110754120182321e+00 -8.184573220566202068e+00
1.262099893498090264e+00 -8.265872739904894573e+00 -8.238567068689949480e+00 -8.211029535135969226e+00
1.268226443603465814e+00 -8.292264919223168107e+00 -8.264959248008223014e+00 -8.237421714454242760e+00
1.274352993708841364e+00 -8.318593427469744839e+00 -8.291287756254799746e+00 -8.263750222700819492e+00
1.280479543814216692e+00 -8.344858723252110977e+00 -8.317553052037165884e+00 -8.290015518483185630e+00
1.286606093919592242e+00 -8.371061259698652890e+00 -8.343755588483707797e+00 -8.316218054929727543e+00
1.292732644024967792e+00 -8.397201484549858819e+00 -8.369895813334913726e+00 -8.342358279780933472e+00
1.298859194130343120e+00 -8.423279840247582584e+00 -8.395974169032637491e+00 -8.368436635478657237e+00
1.304985744235718670e+00 -8.449296764022422579e+00 -8.421991092807477486e+00 -8.394453559253497232e+00
1.311112294341093998e+00 -8.475252687979248023e+00 -8.447947016764302930e+00 -8.420409483210322676e+00
1.317238844446469548e+00 -8.501148039180938198e+00 -8.473842367965993105e+00 -8.446304834412012852e+00
1.323365394551845098e+00 -8.526983239730352437e+00 -8.499677568515407344e+00 -8.472140034961427091e+00
1.329491944657220426e+00 -8.552758706850617898e+00 -8.525453035635672805e+00 -8.497915502081692551e+00
1.335618494762595976e+00 -8.578474852963747566e+00 -8.551169181748802472e+00 -8.523631648194822219e+00
1.341745044867971526e+00 -8.604132085767613347e+00 -8.576826414552668254e+00 -8.549288880998688001e+00
1.347871594973346854e+00 -8.629730808311382617e+00 -8.602425137096437524e+00 -8.574887603542457271e+00
1.353998145078722404e+00 -8.655271419069375582e+00 -8.627965747854430489e+00 -8.600428214300450236e+00
1.360124695184097732e+00 -8.680754312013435836e+00 -8.653448640798490743e+00 -8.625911107244510490e+00
1.366251245289473282e+00 -8.706179876683846075e+00 -8.678874205468900982e+00 -8.651336671914920728e+00
1.372377795394848832e+00 -8.731548498258783653e+00 -8.704242827043838560e+00 -8.676705293489858306e+00
1.378504345500224160e+00 -8.756860557622422547e+00 -8.729554886407477454e+00 -8.702017352853497201e+00
1.384630895605599710e+00 -8.782116431431637338e+00 -8.754810760216692245e+00 -8.727273226662711991e+00
1.390757445710975260e+00 -8.807316492181413992e+00 -8.780010820966468899e+00 -8.752473287412488645e+00
1.396883995816350588e+00 -8.832461108268921279e+00 -8.805155437053976186e+00 -8.777617903499995933e+00
1.403010545921726138e+00 -8.857550644056386702e+00 -8.830244972841441609e+00 -8.802707439287461355e+00
1.409137096027101688e+00 -8.882585459932654359e+00 -8.855279788717709266e+00 -8.827742255163729013e+00
1.415263646132477016e+00 -8.907565912373614836e+00 -8.880260241158669743e+00 -8.852722707604689489e+00
1.421390196237852566e+00 -8.932492354001420054e+00 -8.905186682786474961e+00 -8.877649149232494707e+00
1.427516746343227894e+00 -8.957365133642543498e+00 -8.930059462427598405e+00 -8.902521928873618151e+00
1.433643296448603444e+00 -8.982184596384756858e+00 -8.954878925169811765e+00 -8.927341391615831512e+00
1.439769846553978994e+00 -9.006951083632975141e+00 -8.979645412418030048e+00 -8.952107878864049795e+00
1.445896396659354322e+00 -9.031664933164051945e+00 -9.004359261949106852e+00 -8.976821728395126598e+00
1.452022946764729872e+00 -9.056326479180540900e+00 -9.029020807965595807e+00 -9.001483274411615554e+00
1.458149496870105422e+00 -9.080936052363398403e+00 -9.053630381148453310e+00 -9.026092847594473056e+00
1.464276046975480750e+00 -9.105493979923744874e+00 -9.078188308708799781e+00 -9.050650775154819527e+00
1.470402597080856300e+00 -9.130000585653604617e+00 -9.102694914438659524e+00 -9.075157380884679270e+00
1.476529147186231850e+00 -9.154456189975723746e+00 -9.127150518760778652e+00 -9.099612985206798399e+00
1.482655697291607177e+00 -9.178861109992448419e+00 -9.151555438777503326e+00 -9.124017905223523073e+00
1.488782247396982727e+00 -9.203215659533702464e+00 -9.175909988318757371e+00 -9.148372454764777117e+00
1.494908797502358055e+00 -9.227520149204059052e+00 -9.200214477989113959e+00 -9.172676944435133706e+00
1.501035347607733605e+00 -9.251774886428977496e+00 -9.224469215214032403e+00 -9.196931681660052149e+00
1.507161897713109155e+00 -9.275980175500146530e+00 -9.248674504285201436e+00 -9.221136970731221183e+00
1.513288447818484483e+00 -9.300136317620053106e+00 -9.272830646405108013e+00 -9.245293112851127759e+00
1.519414997923860033e+00 -9.324243610945691429e+00 -9.296937939730746336e+00 -9.269400406176766083e+00
1.525541548029235583e+00 -9.348302350631506386e+00 -9.320996679416561292e+00 -9.293459145862581039e+00
1.531668098134610911e+00 -9.372312828871553592e+00 -9.345007157656608499e+00 -9.317469624102628245e+00
1.537794648239986461e+00 -9.396275334940913382e+00 -9.368969663725968289e+00 -9.341432130171988035e+00
1.543921198345361789e+00 -9.420190155236337404e+00 -9.392884484021392311e+00 -9.365346950467412057e+00
1.550047748450737339e+00 -9.444057573316193555e+00 -9.416751902101248461e+00 -9.389214368547268208e+00
1.556174298556112889e+00 -9.467877869939689717e+00 -9.440572198724744624e+00 -9.413034665170764370e+00
1.562300848661488217e+00 -9.491651323105408267e+00 -9.464345651890463174e+00 -9.436808118336482920e+00
1.568427398766863767e+00 -9.515378208089165568e+00 -9.488072536874220475e+00 -9.460535003320240222e+00
1.574553948872239317e+00 -9.539058797481189345e+00 -9.511753126266244251e+00 -9.484215592712263998e+00
1.580680498977614645e+00 -9.562693361222661892e+00 -9.535387690007716799e+00 -9.507850156453736545e+00
1.586807049082990195e+00 -9.586282166641622027e+00 -9.558976495426676934e+00 -9.531438961872696680e+00
1.592933599188365745e+00 -9.609825478488247086e+00 -9.582519807273301993e+00 -9.554982273719321739e+00
1.599060149293741073e+00 -9.633323558969509648e+00 -9.606017887754564555e+00 -9.578480354200584301e+00
1.605186699399116623e+00 -9.656776667783265822e+00 -9.629470996568320729e+00 -9.601933463014340475e+00
1.611313249504491951e+00 -9.680185062151725361e+00 -9.652879390936780268e+00 -9.625341857382800015e+00
1.617439799609867501e+00 -9.703548996854376441e+00 -9.676243325639431347e+00 -9.648705792085451094e+00
1.623566349715243051e+00 -9.726868724260331334e+00 -9.699563053045386241e+00 -9.672025519491405987e+00
1.629692899820618379e+00 -9.750144494360142744e+00 -9.722838823145197651e+00 -9.695301289591217397e+00
1.635819449925993929e+00 -9.773376554797057025e+00 -9.746070883582111932e+00 -9.718533350028131679e+00
1.641946000031369479e+00 -9.796565150897761143e+00 -9.769259479682816050e+00 -9.741721946128835796e+00
1.648072550136744807e+00 -9.819710525702612713e+00 -9.792404854487667620e+00 -9.764867320933687367e+00
1.654199100242120357e+00 -9.842812919995356680e+00 -9.815507248780411587e+00 -9.787969715226431333e+00
1.660325650347495685e+00 -9.865872572332342827e+00 -9.838566901117397734e+00 -9.811029367563417480e+00
1.666452200452871235e+00 -9.888889719071277895e+00 -9.861584047856332802e+00 -9.834046514302352548e+00
1.672578750558246785e+00 -9.911864594399478534e+00 -9.884558923184533441e+00 -9.857021389630553188e+00
1.678705300663622113e+00 -9.934797430361681947e+00 -9.907491759146736854e+00 -9.879954225592756600e+00
1.684831850768997663e+00 -9.957688456887389350e+00 -9.930382785672444257e+00 -9.902845252118464003e+00
1.690958400874373213e+00 -9.980537901817745805e+00 -9.953232230602800712e+00 -9.925694697048820458e+00
1.697084950979748541e+00 -1.000334599093202392e+01 -9.976040319717078830e+00 -9.948502786163098577e+00
1.703211501085124091e+00 -1.002611294797363328e+01 -9.998807276758688189e+00 -9.971269743204707936e+00
1.709338051190499641e+00 -1.004883899467573372e+01 -1.002153332346078862e+01 -9.993995789906808369e+00
1.715464601295874969e+00 -1.007152435078643293e+01 -1.004421867957148784e+01 -1.001668114601750759e+01
1.721591151401250519e+00 -1.009416923409358091e+01 -1.006686356287863582e+01 -1.003932602932465556e+01
1.727717701506625847e+00 -1.011677386044915039e+01 -1.008946818923420530e+01 -1.006193065568022504e+01
1.733844251612001397e+00 -1.013933844379325855e+01 -1.011203277257831346e+01 -1.008449523902433320e+01
1.739970801717376947e+00 -1.016186319617778011e+01 -1.013455752496283502e+01 -1.010701999140885476e+01
1.746097351822752275e+00 -1.018434832778959809e+01 -1.015704265657465299e+01 -1.012950512302067274e+01
1.752223901928127825e+00 -1.020679404697349746e+01 -1.017948837575855237e+01 -1.015195084220457211e+01
1.758350452033503375e+00 -1.022920056025466806e+01 -1.020189488903972297e+01 -1.017435735548574272e+01
1.764477002138878703e+00 -1.025156807236089840e+01 -1.022426240114595331e+01 -1.019672486759197305e+01
1.770603552244254253e+00 -1.027389678624438041e+01 -1.024659111502943531e+01 -1.021905358147545506e+01
1.776730102349629803e+00 -1.029618690310320694e+01 -1.026888123188826185e+01 -1.024134369833428160e+01
1.782856652455005131e+00 -1.031843862240251752e+01 -1.029113295118757243e+01 -1.026359541763359218e+01
1.788983202560380681e+00 -1.034065214189532611e+01 -1.031334647068038102e+01 -1.028580893712640076e+01
1.795109752665756009e+00 -1.036282765764302383e+01 -1.033552198642807873e+01 -1.030798445287409848e+01
1.801236302771131559e+00 -1.038496536403556902e+01 -1.035765969282062393e+01 -1.033012215926664368e+01
1.807362852876507109e+00 -1.040706545381137182e+01 -1.037975978259642673e+01 -1.035222224904244648e+01
1.813489402981882437e+00 -1.042912811807685891e+01 -1.040182244686191382e+01 -1.037428491330793356e+01
1.819615953087257987e+00 -1.045115354632577365e+01 -1.042384787511082855e+01 -1.039631034155684830e+01
1.825742503192633537e+00 -1.047314192645815112e+01 -1.044583625524320603e+01 -1.041829872168922577e+01
1.831869053298008865e+00 -1.049509344479901962e+01 -1.046778777358407453e+01 -1.044025024003009428e+01
1.837995603403384415e+00 -1.051700828611683214e+01 -1.048970261490188705e+01 -1.046216508134790679e+01
1.844122153508759743e+00 -1.053888663364159939e+01 -1.051158096242665430e+01 -1.048404342887267404e+01
1.850248703614135293e+00 -1.056072866908277419e+01 -1.053342299786782910e+01 -1.050588546431384884e+01
1.856375253719510843e+00 -1.058253457264684982e+01 -1.055522890143190473e+01 -1.052769136787792448e+01
1.862501803824886171e+00 -1.060430452305471327e+01 -1.057699885183976818e+01 -1.054946131828578793e+01
1.868628353930261721e+00 -1.062603869755872665e+01 -1.059873302634378156e+01 -1.057119549278980131e+01
1.874754904035637271e+00 -1.064773727195957598e+01 -1.062043160074463088e+01 -1.059289406719065063e+01
1.880881454141012599e+00 -1.066940042062285521e+01 -1.064209474940791011e+01 -1.061455721585392986e+01
1.887008004246388149e+00 -1.069102831649541407e+01 -1.066372264528046898e+01 -1.063618511172648873e+01
1.893134554351763699e+00 -1.071262113112146785e+01 -1.068531545990652276e+01 -1.065777792635254251e+01
1.899261104457139027e+00 -1.073417903465847267e+01 -1.070687336344352758e+01 -1.067933582988954733e+01
1.905387654562514577e+00 -1.075570219589276810e+01 -1.072839652467782301e+01 -1.070085899112384276e+01
1.911514204667889905e+00 -1.077719078225499238e+01 -1.074988511104004729e+01 -1.072234757748606704e+01
1.917640754773265455e+00 -1.079864495983528805e+01 -1.077133928862034296e+01 -1.074380175506636270e+01
1.923767304878641005e+00 -1.082006489339826594e+01 -1.079275922218332084e+01 -1.076522168862934059e+01
1.929893854984016333e+00 -1.084145074639778450e+01 -1.081414507518283941e+01 -1.078660754162885915e+01
1.936020405089391883e+00 -1.086280268099148216e+01 -1.083549700977653707e+01 -1.080795947622255682e+01
1.942146955194767433e+00 -1.088412085805513918e+01 -1.085681518684019409e+01 -1.082927765328621383e+01
1.948273505300142761e+00 -1.090540543719681565e+01 -1.087809976598187056e+01 -1.085056223242789031e+01
1.954400055405518311e+00 -1.092665657677078528e+01 -1.089935090555584019e+01 -1.087181337200185993e+01
1.960526605510893638e+00 -1.094787443389129500e+01 -1.092056876267634991e+01 -1.089303122912236965e+01
1.966653155616269188e+00 -1.096905916444609730e+01 -1.094175349323115221e+01 -1.091421595967717195e+01
1.972779705721644739e+00 -1.099021092310983327e+01 -1.096290525189488818e+01 -1.093536771834090793e+01
1.978906255827020066e+00 -1.101132986335719721e+01 -1.098402419214225212e+01 -1.095648665858827187e+01
1.985032805932395616e+00 -1.103241613747592886e+01 -1.100511046626098377e+01 -1.097757293270700352e+01
1.991159356037771166e+00 -1.105346989657962808e+01 -1.102616422536468299e+01 -1.099862669181070274e+01
1.997285906143146494e+00 -1.107449129062038651e+01 -1.104718561940544141e+01 -1.101964808585146116e+01
2.003412456248522044e+00 -1.109548046840126290e+01 -1.106817479718631780e+01 -1.104063726363233755e+01
2.009539006353897594e+00 -1.111643757758853823e+01 -1.108913190637359314e+01 -1.106159437281961289e+01
2.015665556459273144e+00 -1.113736276472387665e+01 -1.111005709350893156e+01 -1.108251955995495130e+01
2.021792106564648250e+00 -1.115825617523625013e+01 -1.113095050402130504e+01 -1.110341297046732478e+01
2.027918656670023800e+00 -1.117911795345375481e+01 -1.115181228223880971e+01 -1.112427474868482946e+01
2.034045206775399350e+00 -1.119994824261521416e+01 -1.117264257140026906e+01 -1.114510503784628881e+01
2.040171756880774900e+00 -1.122074718488168266e+01 -1.119344151366673756e+01 -1.116590398011275731e+01
2.046298306986150450e+00 -1.124151492134773989e+01 -1.121420925013279479e+01 -1.118667171657881454e+01
2.052424857091525556e+00 -1.126225159205268689e+01 -1.123494592083774180e+01 -1.120740838728376154e+01
2.058551407196901106e+00 -1.128295733599152939e+01 -1.125565166477658430e+01 -1.122811413122260404e+01
2.064677957302276656e+00 -1.130363229112587220e+01 -1.127632661991092711e+01 -1.124878908635694685e+01
2.070804507407652206e+00 -1.132427659439463952e+01 -1.129697092317969442e+01 -1.126943338962571417e+01
2.076931057513027756e+00 -1.134489038172463893e+01 -1.131758471050969383e+01 -1.129004717695571358e+01
2.083057607618403306e+00 -1.136547378804103836e+01 -1.133816811682609327e+01 -1.131063058327211301e+01
2.089184157723778412e+00 -1.138602694727762632e+01 -1.135872127606268123e+01 -1.133118374250870097e+01
2.095310707829153962e+00 -1.140654999238702239e+01 -1.137924432117207729e+01 -1.135170678761809704e+01
2.101437257934529512e+00 -1.142704305535067810e+01 -1.139973738413573301e+01 -1.137219985058175276e+01
2.107563808039905062e+00 -1.144750626718879438e+01 -1.142020059597384929e+01 -1.139266306241986904e+01
2.113690358145280612e+00 -1.146793975797009324e+01 -1.144063408675514815e+01 -1.141309655320116789e+01
2.119816908250655718e+00 -1.148834365682146696e+01 -1.146103798560652187e+01 -1.143350045205254162e+01
2.125943458356031268e+00 -1.150871809193748341e+01 -1.148141242072253831e+01 -1.145387488716855806e+01
2.132070008461406818e+00 -1.152906319058980067e+01 -1.150175751937485558e+01 -1.147421998582087532e+01
2.138196558566782368e+00 -1.154937907913643613e+01 -1.152207340792149104e+01 -1.149453587436751079e+01
2.144323108672157918e+00 -1.156966588303091648e+01 -1.154236021181597138e+01 -1.151482267826199113e+01
2.150449658777533468e+00 -1.158992372683132643e+01 -1.156261805561638134e+01 -1.153508052206240109e+01
2.156576208882908574e+00 -1.161015273420921368e+01 -1.158284706299426858e+01 -1.155530952944028833e+01
2.162702758988284124e+00 -1.163035302795842973e+01 -1.160304735674348464e+01 -1.157550982318950439e+01
2.168829309093659674e+00 -1.165052473000378974e+01 -1.162321905878884465e+01 -1.159568152523486440e+01
2.174955859199035224e+00 -1.167066796140967888e+01 -1.164336229019473379e+01 -1.161582475664075353e+01
2.181082409304410774e+00 -1.169078284238852383e+01 -1.166347717117357874e+01 -1.163593963761959849e+01
2.187208959409785880e+00 -1.171086949230916829e+01 -1.168356382109422320e+01 -1.165602628754024295e+01
2.193335509515161430e+00 -1.173092802970513659e+01 -1.170362235849019150e+01 -1.167608482493621125e+01
2.199462059620536980e+00 -1.175095857228277652e+01 -1.172365290106783142e+01 -1.169611536751385117e+01
2.205588609725912530e+00 -1.177096123692935059e+01 -1.174365556571440550e+01 -1.171611803216042524e+01
2.211715159831288080e+00 -1.179093613972096577e+01 -1.176363046850602068e+01 -1.173609293495204042e+01
2.217841709936663630e+00 -1.181088339593043912e+01 -1.178357772471549403e+01 -1.175604019116151377e+01
2.223968260042038736e+00 -1.183080312003507650e+01 -1.180349744882013141e+01 -1.177595991526615116e+01
2.230094810147414286e+00 -1.185069542572430734e+01 -1.182338975450936225e+01 -1.179585222095538199e+01
2.236221360252789836e+00 -1.187056042590728389e+01 -1.184325475469233879e+01 -1.181571722113835854e+01
2.242347910358165386e+00 -1.189039823272033658e+01 -1.186309256150539149e+01 -1.183555502795141123e+01
2.248474460463540936e+00 -1.191020895753437081e+01 -1.188290328631942572e+01 -1.185536575276544546e+01
2.254601010568916042e+00 -1.192999271096216241e+01 -1.190268703974721731e+01 -1.187514950619323706e+01
2.260727560674291592e+00 -1.194974960286555898e+01 -1.192244393165061389e+01 -1.189490639809663364e+01
2.266854110779667142e+00 -1.196947974236258894e+01 -1.194217407114764384e+01 -1.191463653759366359e+01
2.272980660885042692e+00 -1.198918323783451534e+01 -1.196187756661957025e+01 -1.193434003306558999e+01
2.279107210990418242e+00 -1.200886019693276197e+01 -1.198155452571781687e+01 -1.195401699216383662e+01
2.285233761095793792e+00 -1.202851072658577891e+01 -1.200120505537083382e+01 -1.197366752181685357e+01
2.291360311201168898e+00 -1.204813493300582650e+01 -1.202082926179088140e+01 -1.199329172823690115e+01
2.297486861306544448e+00 -1.206773292169568279e+01 -1.204042725048073770e+01 -1.201288971692675744e+01
2.303613411411919998e+00 -1.208730479745523745e+01 -1.205999912624029236e+01 -1.203246159268631210e+01
2.309739961517295548e+00 -1.210685066438803936e+01 -1.207954499317309427e+01 -1.205200745961911402e+01
2.315866511622671098e+00 -1.212637062590777326e+01 -1.209906495469282817e+01 -1.207152742113884791e+01
2.321993061728046204e+00 -1.214586478474461373e+01 -1.211855911352966864e+01 -1.209102157997568838e+01
2.328119611833421754e+00 -1.216533324295157215e+01 -1.213802757173662705e+01 -1.211049003818264680e+01
2.334246161938797304e+00 -1.218477610191068372e+01 -1.215747043069573863e+01 -1.212993289714175837e+01
2.340372712044172854e+00 -1.220419346233920166e+01 -1.217688779112425657e+01 -1.214935025757027631e+01
2.346499262149548404e+00 -1.222358542429566697e+01 -1.219627975308072187e+01 -1.216874221952674162e+01
2.352625812254923954e+00 -1.224295208718593742e+01 -1.221564641597099232e+01 -1.218810888241701207e+01
2.358752362360299060e+00 -1.226229354976912056e+01 -1.223498787855417547e+01 -1.220745034500019521e+01
2.364878912465674610e+00 -1.228160991016344816e+01 -1.225430423894850307e+01 -1.222676670539452282e+01
2.371005462571050160e+00 -1.230090126585209909e+01 -1.227359559463715399e+01 -1.224605806108317374e+01
2.377132012676425710e+00 -1.232016771368892272e+01 -1.229286204247397762e+01 -1.226532450891999737e+01
2.383258562781801260e+00 -1.233940934990411442e+01 -1.231210367868916933e+01 -1.228456614513518907e+01
2.389385112887176366e+00 -1.235862627010983950e+01 -1.233132059889489440e+01 -1.230378306534091415e+01
2.395511662992551916e+00 -1.237781856930574875e+01 -1.235051289809080366e+01 -1.232297536453682341e+01
2.401638213097927466e+00 -1.239698634188448167e+01 -1.236968067066953658e+01 -1.234214313711555633e+01
2.407764763203303016e+00 -1.241612968163707365e+01 -1.238882401042212855e+01 -1.236128647686814830e+01
2.413891313308678566e+00 -1.243524868175829923e+01 -1.240794301054335413e+01 -1.238040547698937388e+01
2.420017863414053672e+00 -1.245434343485199413e+01 -1.242703776363704904e+01 -1.239950023008306879e+01
2.426144413519429222e+00 -1.247341403293625461e+01 -1.244610836172130952e+01 -1.241857082816732927e+01
2.432270963624804772e+00 -1.249246056744863864e+01 -1.246515489623369355e+01 -1.243761736267971330e+01
2.438397513730180322e+00 -1.251148312925126049e+01 -1.248417745803631540e+01 -1.245663992448233515e+01
2.444524063835555872e+00 -1.253048180863585515e+01 -1.250317613742091005e+01 -1.247563860386692980e+01
2.450650613940931422e+00 -1.254945669532878938e+01 -1.252215102411384429e+01 -1.249461349055986403e+01
2.456777164046306527e+00 -1.256840787849598762e+01 -1.254110220728104252e+01 -1.251356467372706227e+01
2.462903714151682077e+00 -1.258733544674783289e+01 -1.256002977553288780e+01 -1.253249224197890754e+01
2.469030264257057627e+00 -1.260623948814399498e+01 -1.257893381692904988e+01 -1.255139628337506963e+01
2.475156814362433177e+00 -1.262512009019820880e+01 -1.259781441898326371e+01 -1.257027688542928345e+01
2.481283364467808727e+00 -1.264397733988300665e+01 -1.261667166866806156e+01 -1.258913413511408130e+01
2.487409914573183833e+00 -1.266281132363439355e+01 -1.263550565241944845e+01 -1.260796811886546820e+01
2.493536464678559383e+00 -1.268162212735646222e+01 -1.265431645614151712e+01 -1.262677892258753687e+01
2.499663014783934933e+00 -1.270040983642596899e+01 -1.267310416521102390e+01 -1.264556663165704364e+01
2.505789564889310483e+00 -1.271917453569684575e+01 -1.269186886448190066e+01 -1.266433133092792040e+01
2.511916114994686033e+00 -1.273791630950469056e+01 -1.271061063828974547e+01 -1.268307310473576521e+01
2.518042665100061583e+00 -1.275663524167117657e+01 -1.272932957045623148e+01 -1.270179203690225123e+01
2.524169215205436689e+00 -1.277533141550841655e+01 -1.274802574429347146e+01 -1.272048821073949121e+01
2.530295765310812239e+00 -1.279400491382331673e+01 -1.276669924260837163e+01 -1.273916170905439138e+01
2.536422315416187789e+00 -1.281265581892182581e+01 -1.278535014770688072e+01 -1.275781261415290047e+01
2.542548865521563339e+00 -1.283128421261318408e+01 -1.280397854139823899e+01 -1.277644100784425873e+01
2.548675415626938889e+00 -1.284989017621411200e+01 -1.282258450499916691e+01 -1.279504697144518666e+01
2.554801965732313995e+00 -1.286847379055293494e+01 -1.284116811933798985e+01 -1.281363058578400960e+01
2.560928515837689545e+00 -1.288703513597370609e+01 -1.285972946475876100e+01 -1.283219193120478074e+01
2.567055065943065095e+00 -1.290557429234022635e+01 -1.287826862112528126e+01 -1.285073108757130100e+01
2.573181616048440645e+00 -1.292409133904008378e+01 -1.289678566782513869e+01 -1.286924813427115843e+01
2.579308166153816195e+00 -1.294258635498860066e+01 -1.291528068377365557e+01 -1.288774315021967531e+01
2.585434716259191745e+00 -1.296105941863276634e+01 -1.293375374741782124e+01 -1.290621621386384099e+01
2.591561266364566851e+00 -1.297951060795511680e+01 -1.295220493674017170e+01 -1.292466740318619145e+01
2.597687816469942401e+00 -1.299794000047757336e+01 -1.297063432926262827e+01 -1.294309679570864802e+01
2.603814366575317951e+00 -1.301634767326523878e+01 -1.298904200205029369e+01 -1.296150446849631344e+01
2.609940916680693501e+00 -1.303473370293017375e+01 -1.300742803171522866e+01 -1.297989049816124840e+01
2.616067466786069051e+00 -1.305309816563509706e+01 -1.302579249442015197e+01 -1.299825496086617171e+01
2.622194016891444157e+00 -1.307144113709707867e+01 -1.304413546588213357e+01 -1.301659793232815332e+01
2.628320566996819707e+00 -1.308976269259117764e+01 -1.306245702137623255e+01 -1.303491948782225229e+01
2.634447117102195257e+00 -1.310806290695404464e+01 -1.308075723573909954e+01 -1.305321970218511929e+01
2.640573667207570807e+00 -1.312634185458749414e+01 -1.309903618337254905e+01 -1.307149864981856879e+01
2.646700217312946357e+00 -1.314459960946202344e+01 -1.311729393824707834e+01 -1.308975640469309809e+01
2.652826767418321907e+00 -1.316283624512031913e+01 -1.313553057390537404e+01 -1.310799304035139379e+01
2.658953317523697013e+00 -1.318105183468069974e+01 -1.315374616346575465e+01 -1.312620862991177439e+01
2.665079867629072563e+00 -1.319924645084054404e+01 -1.317194077962559895e+01 -1.314440324607161870e+01
2.671206417734448113e+00 -1.321742016587967505e+01 -1.319011449466472996e+01 -1.316257696111074971e+01
2.677332967839823663e+00 -1.323557305166370135e+01 -1.320826738044875626e+01 -1.318072984689477600e+01
2.683459517945199213e+00 -1.325370517964735129e+01 -1.322639950843240619e+01 -1.319886197487842594e+01
2.689586068050574319e+00 -1.327181662087773084e+01 -1.324451094966278575e+01 -1.321697341610880549e+01
2.695712618155949869e+00 -1.328990744599759566e+01 -1.326260177478265057e+01 -1.323506424122867031e+01
2.701839168261325419e+00 -1.330797772524854139e+01 -1.328067205403359630e+01 -1.325313452047961604e+01
2.707965718366700969e+00 -1.332602752847420824e+01 -1.329872185725926315e+01 -1.327118432370528289e+01
2.714092268472076519e+00 -1.334405692512341801e+01 -1.331675125390847292e+01 -1.328921372035449266e+01
2.720218818577451625e+00 -1.336206598425328274e+01 -1.333476031303833764e+01 -1.330722277948435739e+01
2.726345368682827175e+00 -1.338005477453231862e+01 -1.335274910331737352e+01 -1.332521156976339327e+01
2.732471918788202725e+00 -1.339802336424347828e+01 -1.337071769302853319e+01 -1.334318015947455294e+01
2.738598468893578275e+00 -1.341597182128716526e+01 -1.338866615007222016e+01 -1.336112861651823991e+01
2.744725018998953825e+00 -1.343390021318426975e+01 -1.340659454196932465e+01 -1.337905700841534440e+01
2.750851569104329375e+00 -1.345180860707907655e+01 -1.342450293586413146e+01 -1.339696540231015121e+01
2.756978119209704481e+00 -1.346969706974224579e+01 -1.344239139852730069e+01 -1.341485386497332044e+01
2.763104669315080031e+00 -1.348756566757370123e+01 -1.346025999635875614e+01 -1.343272246280477589e+01
2.769231219420455581e+00 -1.350541446660548672e+01 -1.347810879539054163e+01 -1.345057126183656138e+01
2.775357769525831131e+00 -1.352324353250464029e+01 -1.349593786128969519e+01 -1.346840032773571494e+01
2.781484319631206681e+00 -1.354105293057600434e+01 -1.351374725936105925e+01 -1.348620972580707900e+01
2.787610869736581787e+00 -1.355884272576500393e+01 -1.353153705455005884e+01 -1.350399952099607859e+01
2.793737419841957337e+00 -1.357661298266043559e+01 -1.354930731144549050e+01 -1.352176977789151024e+01
2.799863969947332887e+00 -1.359436376549717096e+01 -1.356705809428222587e+01 -1.353952056072824561e+01
2.805990520052708437e+00 -1.361209513815889594e+01 -1.358478946694395084e+01 -1.355725193338997059e+01
2.812117070158083987e+00 -1.362980716418077520e+01 -1.360250149296583011e+01 -1.357496395941184986e+01
2.818243620263459537e+00 -1.364749990675210611e+01 -1.362019423553716102e+01 -1.359265670198318077e+01
2.824370170368834643e+00 -1.366517342871896545e+01 -1.363786775750402036e+01 -1.361033022395004011e+01
2.830496720474210193e+00 -1.368282779258680293e+01 -1.365552212137185784e+01 -1.362798458781787758e+01
2.836623270579585743e+00 -1.370046306052300977e+01 -1.367315738930806468e+01 -1.364561985575408443e+01
2.842749820684961293e+00 -1.371807929435950157e+01 -1.369077362314455648e+01 -1.366323608959057623e+01
2.848876370790336843e+00 -1.373567655559520873e+01 -1.370837088438026363e+01 -1.368083335082628338e+01
2.855002920895711949e+00 -1.375325490539862727e+01 -1.372594923418368218e+01 -1.369841170062970193e+01
2.861129471001087499e+00 -1.377081440461025963e+01 -1.374350873339531454e+01 -1.371597119984133428e+01
2.867256021106463049e+00 -1.378835511374508727e+01 -1.376104944253014217e+01 -1.373351190897616192e+01
2.873382571211838599e+00 -1.380587709299500787e+01 -1.377857142178006278e+01 -1.375103388822608252e+01
2.879509121317214149e+00 -1.382338040223123343e+01 -1.379607473101628834e+01 -1.376853719746230809e+01
2.885635671422589699e+00 -1.384086510100669543e+01 -1.381355942979175033e+01 -1.378602189623777008e+01
2.891762221527964805e+00 -1.385833124855838960e+01 -1.383102557734344451e+01 -1.380348804378946426e+01
2.897888771633340355e+00 -1.387577890380972434e+01 -1.384847323259477925e+01 -1.382093569904079899e+01
2.904015321738715905e+00 -1.389320812537284411e+01 -1.386590245415789902e+01 -1.383836492060391876e+01
2.910141871844091455e+00 -1.391061897155092097e+01 -1.388331330033597588e+01 -1.385577576678199563e+01
2.916268421949467005e+00 -1.392801150034043545e+01 -1.390070582912549035e+01 -1.387316829557151010e+01
2.922394972054842111e+00 -1.394538576943342179e+01 -1.391808009821847669e+01 -1.389054256466449644e+01
2.928521522160217661e+00 -1.396274183621971332e+01 -1.393543616500476823e+01 -1.390789863145078797e+01
2.934648072265593211e+00 -1.398007975778913803e+01 -1.395277408657419294e+01 -1.392523655302021268e+01
2.940774622370968761e+00 -1.399739959093372832e+01 -1.397009391971878323e+01 -1.394255638616480297e+01
2.946901172476344311e+00 -1.401470139214987753e+01 -1.398739572093493244e+01 -1.395985818738095219e+01
2.953027722581719861e+00 -1.403198521764048223e+01 -1.400467954642553714e+01 -1.397714201287155689e+01
2.959154272687094966e+00 -1.404925112331710224e+01 -1.402194545210215715e+01 -1.399440791854817689e+01
2.965280822792470516e+00 -1.406649916480203899e+01 -1.403919349358709390e+01 -1.401165596003311364e+01
2.971407372897846066e+00 -1.408372939743044938e+01 -1.405642372621550429e+01 -1.402888619266152403e+01
2.977533923003221616e+00 -1.410094187625239570e+01 -1.407363620503745061e+01 -1.404609867148347035e+01
2.983660473108597166e+00 -1.411813665603492041e+01 -1.409083098481997531e+01 -1.406329345126599506e+01
2.989787023213972272e+00 -1.413531379126405696e+01 -1.410800812004911187e+01 -1.408047058649513161e+01
2.995913573319347822e+00 -1.415247333614686198e+01 -1.412516766493191689e+01 -1.409763013137793664e+01
3.002040123424723372e+00 -1.416961534461340122e+01 -1.414230967339845613e+01 -1.411477213984447587e+01
3.008166673530098922e+00 -1.418673987031873551e+01 -1.415943419910379042e+01 -1.413189666554981017e+01
3.014293223635474472e+00 -1.420384696664485702e+01 -1.417654129542991193e+01 -1.414900376187593167e+01
3.020419773740849578e+00 -1.422093668670266808e+01 -1.419363101548772299e+01 -1.416609348193374274e+01
3.026546323846225128e+00 -1.423800908333387838e+01 -1.421070341211893329e+01 -1.418316587856495303e+01
3.032672873951600678e+00 -1.425506420911290562e+01 -1.422775853789796052e+01 -1.420022100434398027e+01
3.038799424056976228e+00 -1.427210211634879755e+01 -1.424479644513385246e+01 -1.421725891157987220e+01
3.044925974162351778e+00 -1.428912285708706520e+01 -1.426181718587212011e+01 -1.423427965231813985e+01
3.051052524267727328e+00 -1.430612648311156221e+01 -1.427882081189661712e+01 -1.425128327834263686e+01
3.057179074373102434e+00 -1.432311304594631096e+01 -1.429580737473136587e+01 -1.426826984117738562e+01
