3.057179074373102848e-05 1.867062878464220482e-03
6.157121896119199453e-03 3.019544632135139350e-01
1.228367200149466792e-02 4.070233065129168493e-01
1.841022210687013813e-02 4.095441929040393725e-01
2.453677221224560487e-02 3.659278025536508161e-01
3.066332231762107161e-02 3.005743771857086744e-01
3.678987242299654875e-02 2.245643334429700544e-01
4.291642252837201549e-02 1.430717021846150960e-01
4.904297263374748223e-02 5.893186225630202973e-02
5.516952273912294896e-02 -2.629711305086242235e-02
6.129607284449841570e-02 -1.117540979270164464e-01
6.742262294987387550e-02 -1.968697243612355374e-01
7.354917305524935611e-02 -2.813431834765923734e-01
7.967572316062482285e-02 -3.649633022093478618e-01
8.580227326600028959e-02 -4.475924167566420753e-01
9.192882337137575632e-02 -5.291755820081484041e-01
9.805537347675122306e-02 -6.096532897314244082e-01
1.041819235821266898e-01 -6.890117900922614336e-01
1.103084736875021565e-01 -7.672470949677184793e-01
1.164350237928776233e-01 -8.443548332016113100e-01
1.225615738982530900e-01 -9.203615738856549822e-01
1.286881240036285567e-01 -9.952789161379550498e-01
1.348146741090040235e-01 -1.069108689883930818e+00
1.409412242143794902e-01 -1.141860468062561251e+00
1.470677743197549847e-01 -1.213568493596967279e+00
1.531943244251304515e-01 -1.284287828781875751e+00
1.593208745305059182e-01 -1.354014794591118287e+00
1.654474246358813849e-01 -1.422725877553534524e+00
1.715739747412568517e-01 -1.490510792892223657e+00
1.777005248466323184e-01 -1.557406366682311250e+00
1.838270749520077851e-01 1.518256979009858787e+00
1.899536250573832519e-01 1.453185941626196298e+00
1.960801751627587186e-01 1.388925794218685894e+00
2.022067252681341853e-01 1.325591789695746536e+00
2.083332753735096521e-01 1.263000350135856209e+00
2.144598254788851188e-01 1.201213094651234270e+00
2.205863755842605856e-01 1.140258128387454883e+00
2.267129256896360523e-01 1.079946190385484117e+00
2.328394757950115190e-01 1.020498731048714136e+00
2.389660259003869858e-01 9.616467045365947319e-01
2.450925760057624525e-01 9.035716578411526756e-01
2.512191261111379470e-01 8.461371985071914903e-01
2.573456762165133860e-01 7.893479110981590496e-01
2.634722263218888805e-01 7.332609062901693786e-01
2.695987764272643195e-01 6.777055092222507016e-01
2.757253265326398139e-01 6.228800729761048149e-01
2.818518766380152529e-01 5.685095161213536974e-01
2.879784267433907474e-01 5.148681650353754691e-01
2.941049768487662419e-01 4.616333828903868008e-01
3.002315269541416809e-01 4.091074828686173670e-01
3.063580770595171754e-01 3.569619800277318844e-01
3.124846271648926144e-01 3.054824653577907778e-01
3.186111772702681089e-01 2.543895372145836831e-01
3.247377273756435478e-01 2.038849864298611925e-01
3.308642774810190423e-01 1.538176724432104847e-01
3.369908275863944813e-01 1.042190586232690092e-01
3.431173776917699758e-01 5.515022878285680968e-02
3.492439277971454148e-01 6.400716919985494774e-03
3.553704779025209093e-01 -4.171748234059473315e-02
3.614970280078963483e-01 -8.963425451880933925e-02
3.676235781132718428e-01 -1.369004430253896454e-01
3.737501282186472817e-01 -1.839470539242062386e-01
3.798766783240227762e-01 -2.304851589691927771e-01
3.860032284293982152e-01 -2.766196023017571948e-01
3.921297785347737097e-01 -3.224956403235048064e-01
3.982563286401492042e-01 -3.677793194559924039e-01
4.043828787455246432e-01 -4.129365346341948850e-01
4.105094288509001377e-01 -4.575570868755999832e-01
4.166359789562755767e-01 -5.018706362306111224e-01
4.227625290616510711e-01 -5.459446050709667597e-01
4.288890791670265101e-01 -5.894577964007852167e-01
4.350156292724020046e-01 -6.328746604246513474e-01
4.411421793777774436e-01 -6.758429747186608383e-01
4.472687294831529381e-01 -7.184400451480157379e-01
4.533952795885283771e-01 -7.609217071981502212e-01
4.595218296939038716e-01 -8.028626168998909129e-01
4.656483797992793106e-01 -8.446312705390204290e-01
4.717749299046548050e-01 -8.861758883160062439e-01
4.779014800100302440e-01 -9.272052002985704533e-01
4.840280301154057385e-01 -9.681626664231052226e-01
4.901545802207811775e-01 -1.008805903482456134e+00
4.962811303261566720e-01 -1.049006373144945936e+00
5.024076804315321665e-01 -1.089169192010288834e+00
5.085342305369076055e-01 -1.128966885617755933e+00
5.146607806422830445e-01 -1.168387934974022269e+00
5.207873307476585945e-01 -1.207781183280837167e+00
5.269138808530340334e-01 -1.246796700050126994e+00
5.330404309584094724e-01 -1.285466429155513346e+00
5.391669810637849114e-01 -1.324118930074786427e+00
5.452935311691604614e-01 -1.362412236669701571e+00
5.514200812745359004e-01 -1.400353908068804998e+00
5.575466313799113394e-01 -1.438290571382678573e+00
5.636731814852867783e-01 -1.475918037018296047e+00
5.697997315906623284e-01 -1.513157814867364781e+00
5.759262816960377673e-01 -1.550393420296270364e+00
5.820528318014132063e-01 1.554186559665593270e+00
5.881793819067887563e-01 1.517610875940117232e+00
5.943059320121641953e-01 1.481072526110907228e+00
6.004324821175396343e-01 1.444639618070130638e+00
6.065590322229150733e-01 1.408669283330748812e+00
6.126855823282906233e-01 1.372826000251168521e+00
6.188121324336660622e-01 1.336974571326023931e+00
6.249386825390415012e-01 1.301528402665075745e+00
6.310652326444169402e-01 1.266356392517068441e+00
6.371917827497924902e-01 1.231132118183434265e+00
6.433183328551679292e-01 1.196135570347796939e+00
6.494448829605433682e-01 1.161561553899125299e+00
6.555714330659188072e-01 1.127014805461705516e+00
6.616979831712943572e-01 1.092472224821655402e+00
6.678245332766697961e-01 1.058369754626179882e+00
6.739510833820452351e-01 1.024492004414345292e+00
6.800776334874206741e-01 9.905232079440418058e-01
6.862041835927962241e-01 9.567726249779305858e-01
6.923307336981716631e-01 9.234457722767078769e-01
6.984572838035471021e-01 8.901659563764476868e-01
7.045838339089226521e-01 8.568121971782747259e-01
7.107103840142980911e-01 8.238474085120607304e-01
7.168369341196735300e-01 7.911951901907940954e-01
7.229634842250489690e-01 7.584707565333430601e-01
7.290900343304245190e-01 7.257814074276159877e-01
7.352165844357999580e-01 6.935308376607141057e-01
7.413431345411753970e-01 6.614919456994946545e-01
7.474696846465508360e-01 6.293145360990617387e-01
7.535962347519263860e-01 5.972872416261453266e-01
7.597227848573018250e-01 5.656878412854434712e-01
7.658493349626772639e-01 5.342307471721026157e-01
7.719758850680527029e-01 5.026113915712818736e-01
7.781024351734282529e-01 4.712014237677112360e-01
7.842289852788036919e-01 4.402042233018036987e-01
7.903555353841791309e-01 4.093164351060663009e-01
7.964820854895546809e-01 3.782566070401228719e-01
8.026086355949301199e-01 3.474140339106653874e-01
8.087351857003055589e-01 3.169776636484755716e-01
8.148617358056809978e-01 2.866563919595282450e-01
8.209882859110565478e-01 2.561529533592138974e-01
8.271148360164319868e-01 2.258306776081783207e-01
8.332413861218074258e-01 1.959130853090775282e-01
8.393679362271828648e-01 1.661559031252805574e-01
8.454944863325584148e-01 1.362126075875345621e-01
8.516210364379338538e-01 1.063727658402253973e-01
8.577475865433092928e-01 7.692492216176678721e-02
8.638741366486847317e-01 4.771589637286072910e-02
8.700006867540602817e-01 1.835073399750056927e-02
8.761272368594357207e-01 -1.102503674779033160e-02
8.822537869648111597e-01 -4.005764374717056542e-02
8.883803370701867097e-01 -6.876295596949530409e-02
8.945068871755621487e-01 -9.752500812925217477e-02
9.006334372809375877e-01 -1.264211172066448952e-01
9.067599873863130266e-01 -1.550830911192768169e-01
9.128865374916885767e-01 -1.833633042785633993e-01
9.190130875970640156e-01 -2.115253659496455496e-01
9.251396377024394546e-01 -2.398845326920228949e-01
9.312661878078148936e-01 -2.681807566882824512e-01
9.373927379131904436e-01 -2.961277661525258953e-01
9.435192880185658826e-01 -3.237748668438563682e-01
9.496458381239413216e-01 -3.515194538583502615e-01
9.557723882293167605e-01 -3.793867805692789363e-01
9.618989383346923105e-01 -4.070524312525650168e-01
9.680254884400677495e-01 -4.343430109207668810e-01
9.741520385454431885e-01 -4.614732118420503681e-01
9.802785886508186275e-01 -4.887896813442278998e-01
9.864051387561941775e-01 -5.161257053109875592e-01
9.925316888615696165e-01 -5.431844161650635217e-01
9.986582389669450555e-01 -5.698858492604738091e-01
1.004784789072320716e+00 -5.965592640842258820e-01
1.010911339177696044e+00 -6.234110358117963546e-01
1.017037889283071594e+00 -6.502190794820816855e-01
1.023164439388447144e+00 -6.767156744657629730e-01
1.029290989493822472e+00 -7.028851874707336966e-01
1.035417539599198022e+00 -7.291040868246234652e-01
1.041544089704573572e+00 -7.554772587421343388e-01
1.047670639809948900e+00 -7.817822018948933360e-01
1.053797189915324450e+00 -8.077668338197074860e-01
1.059923740020699778e+00 -8.334463168525590993e-01
1.066050290126075328e+00 -8.591922244656428065e-01
1.072176840231450878e+00 -8.850841934076606465e-01
1.078303390336826206e+00 -9.109177459281052602e-01
1.084429940442201756e+00 -9.364414166087606795e-01
1.090556490547577306e+00 -9.616568214279056503e-01
1.096683040652952634e+00 -9.869158566308305902e-01
1.102809590758328184e+00 -1.012323751169093899e+00
1.108936140863703734e+00 -1.037712976361767181e+00
1.115062690969079062e+00 -1.062826431168369501e+00
1.121189241074454612e+00 -1.087606806468660814e+00
1.127315791179829940e+00 -1.112372095177105003e+00
1.133442341285205490e+00 -1.137285329498139319e+00
1.139568891390581040e+00 -1.162241756724143205e+00
1.145695441495956368e+00 -1.186990194920562569e+00
1.151821991601331918e+00 -1.211382861896074248e+00
1.157948541706707468e+00 -1.235662922071701697e+00
1.164075091812082796e+00 -1.260063421723308874e+00
1.170201641917458346e+00 -1.284572948650242186e+00
1.176328192022833896e+00 -1.308980304603421629e+00
1.182454742128209224e+00 -1.333053896450640430e+00
1.188581292233584774e+00 -1.356888851613163860e+00
1.194707842338960102e+00 -1.380764859835938108e+00
1.200834392444335652e+00 -1.404786846398639710e+00
1.206960942549711202e+00 -1.428834278577283623e+00
1.213087492655086530e+00 -1.452652989798827843e+00
1.219214042760462080e+00 -1.476130957917229480e+00
1.225340592865837630e+00 -1.499506613828237800e+00
1.231467142971212958e+00 -1.522994491791080707e+00
1.237593693076588508e+00 -1.546611140493225678e+00
1.243720243181963836e+00 -1.570171329046290420e+00
1.249846793287339386e+00 1.548173891119793755e+00
1.255973343392714936e+00 1.525205077695303668e+00
1.262099893498090264e+00 1.502255766042036145e+00
1.268226443603465814e+00 1.479163751263051552e+00
1.274352993708841364e+00 1.455965919658562813e+00
1.280479543814216692e+00 1.432886043184772307e+00
1.286606093919592242e+00 1.410158885435493170e+00
1.292732644024967792e+00 1.387653422046177365e+00
1.298859194130343120e+00 1.365125714595990969e+00
1.304985744235718670e+00 1.342440711526737385e+00
1.311112294341093998e+00 1.319659166597064059e+00
1.317238844446469548e+00 1.297035422742146116e+00
1.323365394551845098e+00 1.274772050097545906e+00
1.329491944657220426e+00 1.252707162082123737e+00
1.335618494762595976e+00 1.230607738076366253e+00
1.341745044867971526e+00 1.208341259256411560e+00
1.347871594973346854e+00 1.185965242486552329e+00
1.353998145078722404e+00 1.163757890294088604e+00
1.360124695184097732e+00 1.141910243049799156e+00
1.366251245289473282e+00 1.120269743225147163e+00
1.372377795394848832e+00 1.098608724591031427e+00
1.378504345500224160e+00 1.076776385988988727e+00
1.384630895605599710e+00 1.054799619684227308e+00
1.390757445710975260e+00 1.032963730467039376e+00
1.396883995816350588e+00 1.011483746610098988e+00
1.403010545921726138e+00 9.902452669644957739e-01
1.409137096027101688e+00 9.690291756280194901e-01
1.415263646132477016e+00 9.476536242793527354e-01
1.421390196237852566e+00 9.260882381030066668e-01
1.427516746343227894e+00 9.045850625994449334e-01
1.433643296448603444e+00 8.834190503317624898e-01
1.439769846553978994e+00 8.625428054139588907e-01
1.445896396659354322e+00 8.417629795631865752e-01
1.452022946764729872e+00 8.208686471085153702e-01
1.458149496870105422e+00 7.997535477019351857e-01
1.464276046975480750e+00 7.785724220499837811e-01
1.470402597080856300e+00 7.576667985288961793e-01
1.476529147186231850e+00 7.370896359827459055e-01
1.482655697291607177e+00 7.167062032026051410e-01
1.488782247396982727e+00 6.963001189029989213e-01
1.494908797502358055e+00 6.756911980443489618e-01
1.501035347607733605e+00 6.548802999563934080e-01
1.507161897713109155e+00 6.342048116989619233e-01
1.513288447818484483e+00 6.138490555895069756e-01
1.519414997923860033e+00 5.937794831915292892e-01
1.525541548029235583e+00 5.738211924106549899e-01
1.531668098134610911e+00 5.537542101764317826e-01
1.537794648239986461e+00 5.334299962254286376e-01
1.543921198345361789e+00 5.130201778053889994e-01
1.550047748450737339e+00 4.928298916708546140e-01
1.556174298556112889e+00 4.729617848044364581e-01
1.562300848661488217e+00 4.533422155847046109e-01
1.568427398766863767e+00 4.337781536457233633e-01
1.574553948872239317e+00 4.140478658000968371e-01
1.580680498977614645e+00 3.940530153207830732e-01
1.586807049082990195e+00 3.740579106424383182e-01
1.592933599188365745e+00 3.543048988533210597e-01
1.599060149293741073e+00 3.348680425715091502e-01
1.605186699399116623e+00 3.156611547956404973e-01
1.611313249504491951e+00 2.964848086322727228e-01
1.617439799609867501e+00 2.771100090965080143e-01
1.623566349715243051e+00 2.574848951496604976e-01
1.629692899820618379e+00 2.378799208294228029e-01
1.635819449925993929e+00 2.185119815848012848e-01
1.641946000031369479e+00 1.994553665214213733e-01
1.648072550136744807e+00 1.806330725572576623e-01
1.654199100242120357e+00 1.618498657385845640e-01
1.660325650347495685e+00 1.428658974388599956e-01
1.666452200452871235e+00 1.236314533831036067e-01
1.672578750558246785e+00 1.043906765651451268e-01
1.678705300663622113e+00 8.535843686251887164e-02
1.684831850768997663e+00 6.663090900918602899e-02
1.690958400874373213e+00 4.816120028208930454e-02
1.697084950979748541e+00 2.977390864663671116e-02
1.703211501085124091e+00 1.122096127003576090e-02
1.709338051190499641e+00 -7.600367529725866704e-03
1.715464601295874969e+00 -2.648842955138184033e-02
1.721591151401250519e+00 -4.522457120357713245e-02
1.727717701506625847e+00 -6.367676037856422055e-02
1.733844251612001397e+00 -8.184141310150420956e-02
1.739970801717376947e+00 -9.985096582273664256e-02
1.746097351822752275e+00 -1.179439062892407436e-01
1.752223901928127825e+00 -1.363117169429776399e-01
1.758350452033503375e+00 -1.548299120758828695e-01
1.764477002138878703e+00 -1.732864393770244538e-01
1.770603552244254253e+00 -1.915117965533404965e-01
1.776730102349629803e+00 -2.094371876209584760e-01
1.782856652455005131e+00 -2.271250935465382592e-01
1.788983202560380681e+00 -2.447680713412068998e-01
1.795109752665756009e+00 -2.626284460949905308e-01
1.801236302771131559e+00 -2.807219714950950351e-01
1.807362852876507109e+00 -2.988731323357022851e-01
1.813489402981882437e+00 -3.168924660420306960e-01
1.819615953087257987e+00 -3.346464266133507004e-01
1.825742503192633537e+00 -3.521076854414828539e-01
1.831869053298008865e+00 -3.693822052334381767e-01
1.837995603403384415e+00 -3.867116469873809192e-01
1.844122153508759743e+00 -4.042981418176004871e-01
1.850248703614135293e+00 -4.220628610933516711e-01
1.856375253719510843e+00 -4.398375933387763670e-01
1.862501803824886171e+00 -4.574499053695121886e-01
1.868628353930261721e+00 -4.747855163398203571e-01
1.874754904035637271e+00 -4.918369933582550368e-01
1.880881454141012599e+00 -5.087329660423587363e-01
1.887008004246388149e+00 -5.257515292816781205e-01
1.893134554351763699e+00 -5.430108185398118126e-01
1.899261104457139027e+00 -5.604248376655045494e-01
1.905387654562514577e+00 -5.778375919881352241e-01
1.911514204667889905e+00 -5.950859528054278647e-01
1.917640754773265455e+00 -6.120585763779903266e-01
1.923767304878641005e+00 -6.287464511818003920e-01
1.929893854984016333e+00 -6.452851331854758676e-01
1.936020405089391883e+00 -6.619586473601565269e-01
1.942146955194767433e+00 -6.788537740183655522e-01
1.948273505300142761e+00 -6.959054721433414192e-01
1.954400055405518311e+00 -7.129746008829200843e-01
1.960526605510893638e+00 -7.299026773943046997e-01
1.966653155616269188e+00 -7.465681537987026717e-01
1.972779705721644739e+00 -7.629398531825950514e-01
1.978906255827020066e+00 -7.791360522461511229e-01
1.985032805932395616e+00 -7.954322172164414173e-01
1.991159356037771166e+00 -8.119311471818021486e-01
1.997285906143146494e+00 -8.286034012405917304e-01
2.003412456248522044e+00 -8.453358483120029243e-01
2.009539006353897594e+00 -8.619770286436770901e-01
2.015665556459273144e+00 -8.783891289758329890e-01
2.021792106564648250e+00 -8.945026989532760542e-01
2.027918656670023800e+00 -9.103843412889592868e-01
2.034045206775399350e+00 -9.262902514700758205e-01
2.040171756880774900e+00 -9.423635150482607692e-01
2.046298306986150450e+00 -9.586253285201212782e-01
2.052424857091525556e+00 -9.750037771628430328e-01
2.058551407196901106e+00 -9.913666745104751099e-01
2.064677957302276656e+00 -1.007565618143564157e+00
2.070804507407652206e+00 -1.023487850029689561e+00
2.076931057513027756e+00 -1.039119264195168979e+00
2.083057607618403306e+00 -1.054656870203447783e+00
2.089184157723778412e+00 -1.070289495546826730e+00
2.095310707829153962e+00 -1.086100425306310902e+00
2.101437257934529512e+00 -1.102077730962305102e+00
2.107563808039905062e+00 -1.118130456554466745e+00
2.113690358145280612e+00 -1.134119984333411324e+00
2.119816908250655718e+00 -1.149903272459689818e+00
2.125943458356031268e+00 -1.165386092403611906e+00
2.132070008461406818e+00 -1.180634998485318832e+00
2.138196558566782368e+00 -1.195854763124804876e+00
2.144323108672157918e+00 -1.211189370052599301e+00
2.150449658777533468e+00 -1.226701226285209279e+00
2.156576208882908574e+00 -1.242366554237162690e+00
2.162702758988284124e+00 -1.258089151129177852e+00
2.168829309093659674e+00 -1.273729012977420139e+00
2.174955859199035224e+00 -1.289144196995035241e+00
2.181082409304410774e+00 -1.304254286206284696e+00
2.187208959409785880e+00 -1.319167109839200158e+00
2.193335509515161430e+00 -1.334060889638773340e+00
2.199462059620536980e+00 -1.349068497785266274e+00
2.205588609725912530e+00 -1.364250387845196366e+00
2.211715159831288080e+00 -1.379586798296109196e+00
2.217841709936663630e+00 -1.394986811301656360e+00
2.223968260042038736e+00 -1.410312365983990457e+00
2.230094810147414286e+00 -1.425416887807401611e+00
2.236221360252789836e+00 -1.440217083420074040e+00
2.242347910358165386e+00 -1.454814210036791344e+00
2.248474460463540936e+00 -1.469372779914009275e+00
2.254601010568916042e+00 -1.484026924514341816e+00
2.260727560674291592e+00 -1.498849456250683332e+00
2.266854110779667142e+00 -1.513838502346540604e+00
2.272980660885042692e+00 -1.528919709635184754e+00
2.279107210990418242e+00 -1.543963230326518943e+00
2.285233761095793792e+00 -1.558816071984753915e+00
2.291360311201168898e+00 1.568229300129895920e+00
2.297486861306544448e+00 1.553918305697328472e+00
2.303613411411919998e+00 1.539692039757207809e+00
2.309739961517295548e+00 1.525409779042467884e+00
2.315866511622671098e+00 1.510976693869961807e+00
2.321993061728046204e+00 1.496364218794818512e+00
2.328119611833421754e+00 1.481616479181311563e+00
2.334246161938797304e+00 1.466842783150258178e+00
2.340372712044172854e+00 1.452195050681536870e+00
2.346499262149548404e+00 1.437835790197516506e+00
2.352625812254923954e+00 1.423758814324372679e+00
2.358752362360299060e+00 1.409836116368932135e+00
2.364878912465674610e+00 1.395924563407668018e+00
2.371005462571050160e+00 1.381904915144875678e+00
2.377132012676425710e+00 1.367709375233634006e+00
2.383258562781801260e+00 1.353337484621922604e+00
2.389385112887176366e+00 1.338859781777735458e+00
2.395511662992551916e+00 1.324407885291199793e+00
2.401638213097927466e+00 1.310170428620363037e+00
2.407764763203303016e+00 1.296248854196758282e+00
2.413891313308678566e+00 1.282562351217050090e+00
2.420017863414053672e+00 1.268982063877959643e+00
2.426144413519429222e+00 1.255373627795965730e+00
2.432270963624804772e+00 1.241630355516750273e+00
2.438397513730180322e+00 1.227697845569539536e+00
2.444524063835555872e+00 1.213588944708506645e+00
2.450650613940931422e+00 1.199387634103999734e+00
2.456777164046306527e+00 1.185251388935806283e+00
2.462903714151682077e+00 1.171396777330280470e+00
2.469030264257057627e+00 1.157839620231181588e+00
2.475156814362433177e+00 1.144495556515533918e+00
2.481283364467808727e+00 1.131240006164741185e+00
2.487409914573183833e+00 1.117943419245821524e+00
2.493536464678559383e+00 1.104501751312227054e+00
2.499663014783934933e+00 1.090860707157986109e+00
2.505789564889310483e+00 1.077032180280537155e+00
2.511916114994686033e+00 1.063100933904130629e+00
2.518042665100061583e+00 1.049269725275804532e+00
2.524169215205436689e+00 1.035728021451935987e+00
2.530295765310812239e+00 1.022475885895683945e+00
2.536422315416187789e+00 1.009438491047196962e+00
2.542548865521563339e+00 9.964988427855901998e-01
2.548675415626938889e+00 9.835290877528647391e-01
2.554801965732313995e+00 9.704195887781696950e-01
2.560928515837689545e+00 9.571040765220278912e-01
2.567055065943065095e+00 9.435790707076884276e-01
2.573181616048440645e+00 9.299171695394843340e-01
2.579308166153816195e+00 9.163548572857471708e-01
2.585434716259191745e+00 9.030609840175004566e-01
2.591561266364566851e+00 8.900558767748957267e-01
2.597687816469942401e+00 8.772851854919215819e-01
2.603814366575317951e+00 8.646454575542407150e-01
2.609940916680693501e+00 8.520115429499176551e-01
2.616067466786069051e+00 8.392641914637877232e-01
2.622194016891444157e+00 8.263161518679775774e-01
2.628320566996819707e+00 8.131349568299437447e-01
2.634447117102195257e+00 7.997639540629418731e-01
2.640573667207570807e+00 7.864338416882814542e-01
2.646700217312946357e+00 7.733304947426838938e-01
2.652826767418321907e+00 7.605094374917127364e-01
2.658953317523697013e+00 7.479496453776461884e-01
2.665079867629072563e+00 7.355720116418574817e-01
2.671206417734448113e+00 7.232617334344112470e-01
2.677332967839823663e+00 7.108931493353607411e-01
2.683459517945199213e+00 6.983555382574104797e-01
2.689586068050574319e+00 6.855782470912566984e-01
2.695712618155949869e+00 6.725538152874362963e-01
2.701839168261325419e+00 6.594554132433710913e-01
2.707965718366700969e+00 6.465059872941877339e-01
2.714092268472076519e+00 6.338069534794330551e-01
2.720218818577451625e+00 6.213843783362900108e-01
2.726345368682827175e+00 6.091989197070065698e-01
2.732471918788202725e+00 5.971613834160158785e-01
2.738598468893578275e+00 5.851526253253830356e-01
2.744725018998953825e+00 5.730466454304680157e-01
2.750851569104329375e+00 5.607355950073070749e-01
2.756978119209704481e+00 5.481552394307115383e-01
2.763104669315080031e+00 5.353558489345520144e-01
2.769231219420455581e+00 5.225730216745795298e-01
2.775357769525831131e+00 5.099599514081416540e-01
2.781484319631206681e+00 4.975998432199054688e-01
2.787610869736581787e+00 4.855093847467559232e-01
2.793737419841957337e+00 4.736455525855531867e-01
2.799863969947332887e+00 4.619181049998851707e-01
2.805990520052708437e+00 4.502069278470456348e-01
2.812117070158083987e+00 4.383834138471949249e-01
2.818243620263459537e+00 4.263349019551806451e-01
2.824370170368834643e+00 4.139941326803264765e-01
2.830496720474210193e+00 4.014776984585201602e-01
2.836623270579585743e+00 3.889852321174203653e-01
2.842749820684961293e+00 3.766551984103279072e-01
2.848876370790336843e+00 3.645695040284063770e-01
2.855002920895711949e+00 3.527500382647608679e-01
2.861129471001087499e+00 3.411617512180890044e-01
2.867256021106463049e+00 3.297214807015627080e-01
2.873382571211838599e+00 3.183120723489249460e-01
2.879509121317214149e+00 3.068013483937634955e-01
2.885635671422589699e+00 2.950653465897253303e-01
2.891762221527964805e+00 2.830287041375588730e-01
2.897888771633340355e+00 2.708103256252980540e-01
2.904015321738715905e+00 2.585847494355547060e-01
2.910141871844091455e+00 2.464900494439874190e-01
2.916268421949467005e+00 2.346183046800103811e-01
2.922394972054842111e+00 2.230082026589685351e-01
2.928521522160217661e+00 2.116437551423417385e-01
2.934648072265593211e+00 2.004586406152098210e-01
2.940774622370968761e+00 1.893460363255048962e-01
2.946901172476344311e+00 1.781738792986713449e-01
2.953027722581719861e+00 1.668054223575550499e-01
2.959154272687094966e+00 1.551380198962285240e-01
2.965280822792470516e+00 1.432457162903040260e-01
2.971407372897846066e+00 1.312849479564322519e-01
2.977533923003221616e+00 1.193965611817740108e-01
2.983660473108597166e+00 1.076887401276387796e-01
2.989787023213972272e+00 9.622537657244742415e-02
2.995913573319347822e+00 8.501999766716696050e-02
3.002040123424723372e+00 7.403491647585305757e-02
3.008166673530098922e+00 6.318567470730127034e-02
3.014293223635474472e+00 5.235103512908696743e-02
3.020419773740849578e+00 4.138881246300250144e-02
3.026546323846225128e+00 3.016122716981099391e-02
3.032672873951600678e+00 1.865508857080219046e-02
3.038799424056976228e+00 6.996061174458933878e-03
3.044925974162351778e+00 -4.678253690600425209e-03
3.051052524267727328e+00 -1.624530074175555699e-02
3.057179074373102434e+00 -2.761326366046584421e-02
