3.057179074373102441e-03 1.782330054338037983e-01
3.358436991622294927e-03 1.929119627508792401e-01
3.689381208070015902e-03 2.083723940214556591e-01
4.052937045540673175e-03 2.245530712291249620e-01
4.452318090411931661e-03 2.413646476081382775e-01
4.891054599532983736e-03 2.586859157338978754e-01
5.373024705294464007e-03 2.763606476322571504e-01
5.902488695681544495e-03 2.943751114658119672e-01
6.484126672322657395e-03 3.121785863894522839e-01
7.123079919405319281e-03 3.296501840209818401e-01
7.824996349132164880e-03 3.464876364938931363e-01
8.596080425424123747e-03 3.623584323046952771e-01
9.443148007162312577e-03 3.769059629449708626e-01
1.037368659574561779e-02 3.897569996846242391e-01
1.139592151951141809e-02 4.005299347281175981e-01
1.251888864004465848e-02 4.088431051614561662e-01
1.375251422304973013e-02 4.143225062322797858e-01
1.510770267978918911e-02 4.167441984011485689e-01
1.659643295466411289e-02 4.155232533082493518e-01
1.823186441093666010e-02 4.104972924226404363e-01
2.002845315055268305e-02 4.012930470497669821e-01
2.200207979625245711e-02 3.876731973295016176e-01
2.417018986547654624e-02 3.693842404984168382e-01
2.655194797687671429e-02 3.462431510808978707e-01
2.916840725251238636e-02 3.179274211040156728e-01
3.204269541313313485e-02 2.842751338488481161e-01
3.520021921150275762e-02 2.450534769631484144e-01
3.866888901081663027e-02 2.000595549924785721e-01
4.247936549333265061e-02 1.490680161875469478e-01
4.666533067995252970e-02 9.185080874351121694e-02
5.126378565638206597e-02 2.816622528641925596e-02
5.631537763756737369e-02 -4.223995171103253621e-02
6.186475926143386594e-02 -1.196353741283592703e-01
6.796098328784093423e-02 -2.043012109854114022e-01
7.465793619162215677e-02 -2.965263314049085830e-01
8.201481448237882277e-02 -3.966171246236020465e-01
9.009664796137017984e-02 -5.048834761374744184e-01
9.897487454073461421e-02 -6.216370053306725652e-01
1.087279717060539302e-01 -7.471854633103529597e-01
1.194421502039593463e-01 -8.818265884098404062e-01
1.312121160865069858e-01 -1.025836214924995105e+00
1.441419078482754634e-01 -1.179484991727797638e+00
1.583458160559099159e-01 -1.343002260012114313e+00
1.739493935990111539e-01 -1.516584870232355664e+00
1.910905654923008845e-01 1.441164329103201691e+00
2.099208480389605225e-01 1.246898692572241618e+00
2.306066881317164197e-01 1.042056839413519231e+00
2.533309345301844595e-01 8.264817636819886681e-01
2.782944541195642163e-01 6.000015200703642249e-01
3.057179074373102545e-01 3.624250175551204656e-01
3.087750865116833388e-01 3.366115940493399350e-01
3.648649638149776275e-01 -1.156489142595733682e-01
4.209548411182718608e-01 -5.329228951390533320e-01
4.770447184215661496e-01 -9.215128839064051780e-01
5.331345957248604384e-01 -1.286115121710367459e+00
5.892244730281546161e-01 1.511334652209310070e+00
6.453143503314489049e-01 1.184939218708678244e+00
7.014042276347431937e-01 8.741614446851692088e-01
7.574941049380374825e-01 5.772940384280216275e-01
8.135839822413317712e-01 2.929424143097003608e-01
8.696738595446260600e-01 1.995241938504092177e-02
9.257637368479203488e-01 -2.426652249416211549e-01
9.818536141512146376e-01 -4.957317244010024937e-01
1.037943491454508926e+00 -7.399714081714761083e-01
1.094033368757802993e+00 -9.760119567176318567e-01
1.150123246061097282e+00 -1.204405201919645840e+00
1.206213123364391571e+00 -1.425639555166777983e+00
1.262303000667685859e+00 1.501442212171710811e+00
1.318392877970980148e+00 1.293264284024470578e+00
1.374482755274274437e+00 1.091067222533186554e+00
1.430572632577568726e+00 8.945321630355931308e-01
1.486662509880863015e+00 7.033692385027986438e-01
1.542752387184157303e+00 5.173139390265730775e-01
1.598842264487451592e+00 3.361237229469619114e-01
1.654932141790745881e+00 1.595751890066726686e-01
1.711022019094040170e+00 -1.253793427390071866e-02
1.767111896397334458e+00 -1.804068723786953765e-01
1.823201773700628525e+00 -3.442082098313411498e-01
1.879291651003922814e+00 -5.041062994420949517e-01
1.935381528307217103e+00 -6.602544723721589515e-01
1.991471405610511392e+00 -8.127965543289644712e-01
2.047561282913805680e+00 -9.618678019390168865e-01
2.103651160217099747e+00 -1.107595221386000750e+00
2.159741037520394258e+00 -1.250097757036576773e+00
2.215830914823688325e+00 -1.389486891606514396e+00
2.271920792126982835e+00 -1.525867698401919714e+00
2.328010669430276902e+00 1.482252492793617815e+00
2.384100546733571413e+00 1.351592776733369972e+00
2.440190424036865480e+00 1.223654684961670958e+00
2.496280301340159991e+00 1.098352100521926111e+00
2.552370178643454057e+00 9.756042723650780735e-01
2.608460055946748568e+00 8.553350994466127899e-01
2.664549933250042635e+00 7.374718611040925742e-01
2.720639810553336702e+00 6.219438763498642553e-01
2.776729687856631212e+00 5.086822610642991460e-01
2.832819565159925279e+00 3.976207730172642285e-01
2.888909442463219790e+00 2.886969759129520696e-01
2.944999319766513857e+00 1.818529028945356230e-01
3.001089197069808368e+00 7.704661801290312029e-02
3.057179074373102434e+00 nan
