3.057179074373102441e-04 1.865838124702913492e-02
3.118322655860564230e-02 2.944416127002735806e-01
6.206073520977397479e-02 -1.224015533647112575e-01
9.293824386094230727e-02 -5.425134837238406726e-01
1.238157525121106467e-01 -9.357802216660773276e-01
1.546932611632789722e-01 -1.301419863217393225e+00
1.855707698144472839e-01 1.499621262767037999e+00
2.164482784656156233e-01 1.181315513177579213e+00
2.473257871167839628e-01 8.825137271414064122e-01
2.782032957679523300e-01 6.008576175820635745e-01
3.090808044191206694e-01 3.339824232395924852e-01
3.399583130702890088e-01 8.044119396563916002e-02
3.708358217214572927e-01 -1.615848108960289131e-01
4.017133303726256321e-01 -3.932921462497284137e-01
4.325908390237939716e-01 -6.157112556130115433e-01
4.634683476749623110e-01 -8.297677761998043522e-01
4.943458563261306504e-01 -1.036317258123212737e+00
5.252233649772989343e-01 -1.236089824875436616e+00
5.561008736284672738e-01 -1.429346315520924726e+00
5.869783822796356132e-01 1.524767260584841022e+00
6.178558909308039526e-01 1.342556086076369670e+00
6.487333995819722920e-01 1.165568209949137124e+00
6.796109082331406315e-01 9.931124528984256461e-01
7.104884168843089709e-01 8.250339579231922293e-01
7.413659255354771993e-01 6.613726196246865197e-01
7.722434341866455387e-01 5.012315430758079726e-01
8.031209428378138782e-01 3.448547994308823750e-01
8.339984514889822176e-01 1.922361236509285976e-01
8.648759601401505570e-01 4.293215053162491301e-02
8.957534687913188964e-01 -1.034054587288224664e-01
9.266309774424872359e-01 -2.467926773091863313e-01
9.575084860936555753e-01 -3.872599904571012441e-01
9.883859947448239147e-01 -5.249155626122400387e-01
1.019263503395992254e+00 -6.598896321247299523e-01
1.050141012047160594e+00 -7.923069033295813135e-01
1.081018520698328933e+00 -9.222772357922377484e-01
1.111896029349497272e+00 -1.049893000919696062e+00
1.142773538000665612e+00 -1.175228902591352709e+00
1.173651046651833951e+00 -1.298344983622290894e+00
1.204528555303002291e+00 -1.419299051803170508e+00
1.235406063954170630e+00 -1.538171626120511837e+00
1.266283572605338970e+00 1.486504291064977501e+00
1.297161081256507309e+00 1.371383000927347773e+00
1.328038589907675648e+00 1.257936576317301158e+00
1.358916098558843988e+00 1.146196774787947792e+00
1.389793607210012327e+00 1.036375240415302157e+00
1.420671115861180667e+00 9.286252793819980145e-01
1.451548624512349006e+00 8.224938627175533146e-01
1.482426133163517123e+00 7.174689978269042090e-01
1.513303641814685463e+00 6.137989785690546318e-01
1.544181150465853802e+00 5.121576416677012800e-01
1.575058659117022142e+00 4.124096935537695519e-01
1.605936167768190481e+00 3.133183745360632044e-01
1.636813676419358821e+00 2.153985531845053203e-01
1.667691185070527160e+00 1.197325985603322485e-01
1.698568693721695499e+00 2.530560665568509435e-02
1.729446202372863839e+00 -6.882741916098805701e-02
1.760323711024032178e+00 -1.607908530867826202e-01
1.791201219675200518e+00 -2.511993144165531877e-01
1.822078728326368857e+00 -3.416979200409653306e-01
1.852956236977537197e+00 -4.299277742552410908e-01
1.883833745628705536e+00 -5.169030157293112993e-01
1.914711254279873875e+00 -6.039807450262300037e-01
1.945588762931042215e+00 -6.884217378767423234e-01
1.976466271582210554e+00 -7.726872467647529774e-01
2.007343780233378894e+00 -8.560343354548094474e-01
2.038221288884547455e+00 -9.372248325286316462e-01
2.069098797535715573e+00 -1.019086154186674031e+00
2.099976306186884134e+00 -1.098256424491518279e+00
2.130853814838052251e+00 -1.177616001269792712e+00
2.161731323489220813e+00 -1.255597795147129103e+00
2.192608832140388930e+00 -1.332290364436973906e+00
2.223486340791557492e+00 -1.409113069673123553e+00
2.254363849442725609e+00 -1.483456763986733318e+00
2.285241358093894171e+00 -1.558834311123433958e+00
2.316118866745062288e+00 1.510378283203520189e+00
2.346996375396230849e+00 1.436684496945397127e+00
2.377873884047398967e+00 1.365977698543279883e+00
2.408751392698567528e+00 1.294031919366978478e+00
2.439628901349735646e+00 1.224874545034331241e+00
2.470506410000904207e+00 1.154609303009677568e+00
2.501383918652072325e+00 1.086993008163028129e+00
2.532261427303240886e+00 1.018274591336968404e+00
2.563138935954409003e+00 9.522464481580492635e-01
2.594016444605577565e+00 8.849149409843057867e-01
2.624893953256745682e+00 8.205354736291584627e-01
2.655771461907914244e+00 7.544437878945855491e-01
2.686648970559082361e+00 6.917358613519087873e-01
2.717526479210250923e+00 6.268106556618585623e-01
2.748403987861419040e+00 5.656838865897477753e-01
2.779281496512587601e+00 5.020124147655036229e-01
2.810159005163755719e+00 4.421819212220809980e-01
2.841036513814924280e+00 3.800811282911804589e-01
2.871914022466092398e+00 3.210511401628744488e-01
2.902791531117260959e+00 2.610201932274163750e-01
2.933669039768429077e+00 2.022380063656913085e-01
2.964546548419597194e+00 1.446776448581480745e-01
2.995424057070765755e+00 8.590640417551409502e-02
3.026301565721933873e+00 3.061579726309366159e-02
3.057179074373102434e+00 -2.761326366046584421e-02
