3.057179074373102441e-03 1.780451298419148121e-01
3.358436991622294927e-03 1.927089000552494324e-01
3.689381208070015902e-03 2.081536326535033676e-01
4.052937045540673175e-03 2.243178924780921957e-01
4.452318090411931661e-03 2.411127475555585042e-01
4.891054599532983736e-03 2.584168407751625263e-01
5.373024705294464007e-03 2.760742372338131911e-01
5.902488695681544495e-03 2.938916176118880896e-01
6.484126672322657395e-03 3.116374696040004610e-01
7.123079919405319281e-03 3.290429725864159605e-01
7.824996349132164880e-03 3.458037053422947094e-01
8.596080425424123747e-03 3.615851731370547939e-01
9.443148007162312577e-03 3.760281613897061836e-01
1.037368659574561779e-02 3.887565633135757759e-01
1.139592151951141809e-02 3.993847865609772563e-01
1.251888864004465848e-02 4.075273394630093970e-01
1.375251422304973013e-02 4.128052507881317390e-01
1.510770267978918911e-02 4.148536912025104773e-01
1.659643295466411289e-02 4.133258762467836300e-01
1.823186441093666010e-02 4.078965828219000556e-01
2.002845315055268305e-02 3.982629786936473515e-01
2.200207979625245711e-02 3.841438707773483507e-01
2.417018986547654624e-02 3.652774759837093543e-01
2.655194797687671429e-02 3.414181541780199058e-01
2.916840725251238636e-02 3.123322006683555974e-01
3.204269541313313485e-02 2.777937672659990809e-01
3.520021921150275762e-02 2.375800843736703138e-01
3.866888901081663027e-02 1.914674819817102080e-01
4.247936549333265061e-02 1.392276293564927991e-01
4.666533067995252970e-02 8.993461580225853291e-02
5.126378565638206597e-02 2.722437628624962622e-02
5.631537763756737369e-02 -4.291624905724034100e-02
6.186475926143386594e-02 -1.224712580082761848e-01
6.796098328784093423e-02 -2.075347452565738937e-01
7.465793619162215677e-02 -3.002167728436880845e-01
8.201481448237882277e-02 -4.008269207437317183e-01
9.009664796137017984e-02 -5.096815285853731892e-01
9.897487454073461421e-02 -6.270989973219507352e-01
1.087279717060539302e-01 -7.533942628963834487e-01
1.194421502039593463e-01 -8.888726899788593760e-01
1.312121160865069858e-01 -1.033824466170320422e+00
1.441419078482754634e-01 -1.188517982865612499e+00
1.583458160559099159e-01 -1.347127967808704696e+00
1.739493935990111539e-01 -1.521301529153000986e+00
1.910905654923008845e-01 1.435778081221964930e+00
2.099208480389605225e-01 1.240752795524501240e+00
2.306066881317164197e-01 1.038127353388847984e+00
2.533309345301844595e-01 8.219759597551445918e-01
2.782944541195642163e-01 5.948374380817483820e-01
3.057179074373102545e-01 3.602713836709676709e-01
3.087750865116833388e-01 3.346388543492935241e-01
3.648649638149776275e-01 -1.174211844237350311e-01
4.209548411182718608e-01 -5.357233246006698479e-01
4.770447184215661496e-01 -9.255245984905142720e-01
5.331345957248604384e-01 -1.290739723475869294e+00
5.892244730281546161e-01 1.507429263586483215e+00
6.453143503314489049e-01 1.180961185171335304e+00
7.014042276347431937e-01 8.708487190182647719e-01
7.574941049380374825e-01 5.742468598349963482e-01
8.135839822413317712e-01 2.902133671044837548e-01
8.696738595446260600e-01 1.765497056758907890e-02
9.257637368479203488e-01 -2.443417265640436264e-01
9.818536141512146376e-01 -4.966245385042035165e-01
1.037943491454508926e+00 -7.398053069599180853e-01
1.094033368757802993e+00 -9.745926965922553364e-01
1.150123246061097282e+00 -1.201271453754419127e+00
1.206213123364391571e+00 1.721565104082376951e+00
1.262303000667685859e+00 1.509523611587458181e+00
1.318392877970980148e+00 1.304204690817464263e+00
1.374482755274274437e+00 1.105254740253801327e+00
1.430572632577568726e+00 9.123692911384568838e-01
1.486662509880863015e+00 7.252985981061894627e-01
1.542752387184157303e+00 5.438020654196320525e-01
1.598842264487451592e+00 3.676500401861039768e-01
1.654932141790745881e+00 1.966527763536329854e-01
1.711022019094040170e+00 3.062322726906108183e-02
1.767111896397334458e+00 -1.306096464358835751e-01
1.823201773700628525e+00 -2.871988555048595737e-01
1.879291651003922814e+00 -4.392908076144086404e-01
1.935381528307217103e+00 -5.869998904412483398e-01
1.991471405610511392e+00 2.413710744857033852e+00
2.047561282913805680e+00 2.274637169263701075e+00
2.103651160217099747e+00 2.139593160454284160e+00
2.159741037520394258e+00 2.008479649306393444e+00
2.215830914823688325e+00 1.881210668152211385e+00
2.271920792126982835e+00 1.757688294725412881e+00
2.328010669430276902e+00 1.637837835911796214e+00
2.384100546733571413e+00 1.521586814082114936e+00
2.440190424036865480e+00 1.408861805915581966e+00
2.496280301340159991e+00 1.299591209839601857e+00
2.552370178643454057e+00 1.193712116039161497e+00
2.608460055946748568e+00 1.091168381113701180e+00
2.664549933250042635e+00 9.919005740245209202e-01
2.720639810553336702e+00 8.958608269494329202e-01
2.776729687856631212e+00 8.029875551544058965e-01
2.832819565159925279e+00 7.132465240644811910e-01
2.888909442463219790e+00 6.265839855285781912e-01
2.944999319766513857e+00 5.429541230303225330e-01
3.001089197069808368e+00 3.623438521726597195e+00
3.057179074373102434e+00 3.546962189819020672e+00
