3.270989286766126103e+00 2.984708062563699513e-02
3.082278366375772904e+00 3.387830269459899540e-02
2.914154091846184791e+00 2.335196793819963382e-02
2.763421983647244229e+00 9.796689585517106072e-03
2.627515984451477937e+00 3.579986268222095421e-03
2.504351172680315152e+00 4.099215581666167292e-03
2.392216045545375813e+00 5.550973246114944241e-03
2.289692500736288494e+00 4.300963094898318032e-03
2.195595548651235074e+00 2.656201146340576662e-04
2.108927303309739099e+00 -4.429645513048057447e-03
2.028841456348609906e+00 -8.010795347662059973e-03
1.954615549409026487e+00 -1.031316520878897310e-02
1.885629118253413949e+00 -1.203672651138393973e-02
1.821346307403865383e+00 -1.362742751660817563e-02
1.761301923643298739e+00 -1.497730366574807383e-02
1.705090160122767706e+00 -1.570989868489358621e-02
1.652355412902476006e+00 -1.538867068474957314e-02
1.602784750515401813e+00 -1.368817040430670394e-02
1.556101699529516047e+00 -1.101102339510525233e-02
1.512061085391888549e+00 -9.312217209727668629e-03
1.470444725243487794e+00 -1.172002121544561855e-02
1.431057812960180087e+00 -2.111627579824916154e-02
1.393725870013392765e+00 -3.939998441452464972e-02
1.358292161453730218e+00 -6.738608935743854722e-02
1.324615496293720440e+00 -1.051303207422302627e-01
1.292568347189840150e+00 -1.533487094502080927e-01
1.262035236626300572e+00 -2.151316758662580042e-01
1.232911346550308984e+00 -2.966628442149450984e-01
1.205101316176993897e+00 -4.077586906881428552e-01
1.178518198908383718e+00 -5.623633427013933206e-01
1.153082554327627074e+00 -7.822491514411935576e-01
1.128721655292536319e+00 -1.097934729864904257e+00
1.105368793458897825e+00 -1.557322477470187927e+00
1.082962669267163447e+00 -2.232298035608803133e+00
1.061446854645961446e+00 -3.235956276378031404e+00
1.040769318516494568e+00 -4.724437265671662445e+00
1.020882006697708011e+00 -6.990817453433332496e+00
1.001740469072126105e+00 -1.043535738868794205e+01
9.833035279235594617e-01 -1.572366905560489947e+01
9.655329822381938376e-01 -2.400910131005209891e+01
9.483933435002376289e-01 -3.717456843709528869e+01
9.318515991368613305e-01 -5.810032578369507661e+01
9.158770002945152422e-01 -9.215316813582576572e+01
