1.635494643383063051e+00 -3.814376877949315209e-02
1.587391859754149426e+00 -4.112322420245786286e-02
1.542037806618316687e+00 -4.416012294143292077e-02
1.499203423101140853e+00 -4.666115797402507759e-02
1.458684411665974956e+00 -4.862308371689479103e-02
1.420297979780028363e+00 -5.043077062277569189e-02
1.383880082862591676e+00 -5.243543806305273058e-02
1.349283080791026990e+00 -5.472247994934877069e-02
1.316373737357099616e+00 -5.714964794052852792e-02
1.285031505515263905e+00 -5.952612471202022026e-02
1.255147051898629629e+00 -6.175869561462087737e-02
1.226620982537297122e+00 -6.387229577946787473e-02
1.199362738480912904e+00 -6.593450152277822995e-02
1.173289635470458281e+00 -6.798213836916126851e-02
1.148326026205129358e+00 -7.000343190275236382e-02
1.124402567325855751e+00 -7.196446995238248157e-02
1.101455576155940363e+00 -7.383662759388902319e-02
1.079426464632821547e+00 -7.560988406557114794e-02
1.058261239836099543e+00 -7.728103378088482800e-02
1.037910062146943924e+00 -7.884486446594170250e-02
1.018326853427190093e+00 -8.029126871501403306e-02
9.994689487340940870e-01 -8.160533036824856035e-02
9.812967860298377198e-01 -8.277333641746349724e-02
9.637736291364479291e-01 -8.378087122062682912e-02
9.468653198533522053e-01 -8.461371828812162821e-02
9.305400557179495102e-01 -8.525415646820844184e-02
9.147681903667979064e-01 -8.568344163555638437e-02
8.995220538606847338e-01 -8.588040554012267569e-02
8.847757906826406726e-01 -8.582069402769162969e-02
8.705052134135657926e-01 -8.547847095357692659e-02
8.566876703435091223e-01 -8.482216257957728156e-02
8.433019254943918686e-01 -8.381357696769263510e-02
8.303280497175551389e-01 -8.237928096221611152e-02
8.177473216915315257e-01 -8.036278829862396333e-02
8.055421377856877285e-01 -7.748434551655067337e-02
7.936959298770747129e-01 -7.345705149750599017e-02
7.821930903136388169e-01 -6.848677303259055604e-02
7.710189033091583433e-01 -6.391064554521730390e-02
7.601594821357898768e-01 -6.203303486630946939e-02
7.496017115505704265e-01 -6.508716589765059513e-02
7.393331949539874159e-01 -7.449966985524605900e-02
7.293422058329875890e-01 -9.057765180278244677e-02
7.196176430885476982e-01 -1.122708704936258434e-01
7.101489898900141817e-01 -1.377433538146609349e-01
7.009262757355984030e-01 -1.656533670396595770e-01
6.919400414312958381e-01 -1.957195403432527014e-01
6.831813067296339526e-01 -2.283977737674073583e-01
6.746415403955134948e-01 -2.644820221917444925e-01
6.663126324893959840e-01 -3.049408979439710010e-01
6.581868686785496969e-01 -3.509047011845530251e-01
6.502569064053141945e-01 -4.037069578499019040e-01
6.425157527576319527e-01 -4.649431449641371894e-01
6.349567439016597925e-01 -5.365391948793545307e-01
6.275735259493148144e-01 -6.208316184263645843e-01
6.203600371452997475e-01 -7.206635979110042056e-01
6.133104912686485610e-01 -8.395025729281350158e-01
6.064193621532705247e-01 -9.815861513343020484e-01
5.996813692404564522e-01 -1.152104813947847584e+00
5.930914640839678453e-01 -1.357432143891945664e+00
5.866448177352291404e-01 -1.605415960908094020e+00
5.803368089423771581e-01 -1.905747767425261419e+00
5.741630131025646788e-01 -2.270432342570804174e+00
5.681191919120113232e-01 -2.714386087821931692e+00
5.622012836629278754e-01 -3.256201432749761704e+00
5.564053941406297277e-01 -3.919125051703347129e+00
5.507277880779701817e-01 -4.732314116229413337e+00
5.451648811276876838e-01 -5.732453528704636092e+00
5.397132323164107737e-01 -6.965844780473536169e+00
5.343695369469413370e-01 -8.491111705356845007e+00
5.291306199180497716e-01 -1.038271810485428226e+01
5.239934294334085418e-01 -1.273555468091084286e+01
5.189550310734719618e-01 -1.567094156826560081e+01
5.140126022061054512e-01 -1.934451006902812153e+01
5.091634267135950465e-01 -2.395658833821141442e+01
5.044048900153371706e-01 -2.976593541573364732e+01
4.997344743670470435e-01 -3.710796923079745824e+01
4.951497544187254962e-01 -4.641904797540372130e+01
4.906483930149188599e-01 -5.826893824802732524e+01
4.862281372219916520e-01 -7.340439289020022784e+01
4.818868145682239645e-01 -9.280787125477044697e+01
