1.587391859754149426e+00 -4.177016355622722443e+00
1.542037806618316687e+00 -4.454873407440508970e+00
1.499203423101140853e+00 -4.685915951255674727e+00
1.458684411665974956e+00 -4.870459928561369445e+00
1.420297979780028363e+00 -5.044030434243760297e+00
1.383880082862591676e+00 -5.235612414102386758e+00
1.349283080791026990e+00 -5.449787191253526508e+00
1.316373737357099616e+00 -5.676520762760870475e+00
1.285031505515263905e+00 -5.899389335307262172e+00
1.255147051898629629e+00 -6.107380987037944742e+00
1.226620982537297122e+00 -6.302162655962204596e+00
1.199362738480912904e+00 -6.492618156194936319e+00
1.173289635470458281e+00 -6.683807273964761819e+00
1.148326026205129358e+00 -6.872263574102123407e+00
1.124402567325855751e+00 -7.053558906397615402e+00
1.101455576155940363e+00 -7.226475956847695059e+00
1.079426464632821547e+00 -7.389778459215511575e+00
1.058261239836099543e+00 -7.543543117127083697e+00
1.037910062146943924e+00 -7.687653079890488961e+00
1.018326853427190093e+00 -7.820449836288038803e+00
9.994689487340940870e-01 -7.940789635126937362e+00
9.812967860298377198e-01 -8.047521801833797284e+00
9.637736291364479291e-01 -8.139430616811162977e+00
9.468653198533522053e-01 -8.214304787631119709e+00
9.305400557179495102e-01 -8.269134156335770314e+00
9.147681903667979064e-01 -8.307527160856787773e+00
8.995220538606847338e-01 -8.322449178165376438e+00
8.847757906826406726e-01 -8.316369886081595553e+00
8.705052134135657926e-01 -8.281539657272665167e+00
8.566876703435091223e-01 -8.215180889631854555e+00
8.433019254943918686e-01 -8.117698427888701218e+00
8.303280497175551389e-01 -7.980302097779394366e+00
8.177473216915315257e-01 -7.791268809932303085e+00
8.055421377856877285e-01 -7.520993694591592060e+00
7.936959298770747129e-01 -7.144600576810478998e+00
7.821930903136388169e-01 -6.680922522160821053e+00
7.710189033091583433e-01 -6.253248455118750826e+00
7.601594821357898768e-01 -6.067706905441761833e+00
7.496017115505704265e-01 -6.330040475505138708e+00
7.393331949539874159e-01 -7.169221004518854912e+00
7.293422058329875890e-01 -8.626641810126248089e+00
7.196176430885476982e-01 -1.060726845726597212e+01
7.101489898900141817e-01 -1.295257896199968606e+01
7.009262757355984030e-01 -1.552875690224999872e+01
6.919400414312958381e-01 -1.831555978058857548e+01
6.831813067296339526e-01 -2.134300581007939357e+01
6.746415403955134948e-01 -2.468995868917334491e+01
6.663126324893959840e-01 -2.844400867302724834e+01
6.581868686785496969e-01 -3.271495816243341892e+01
6.502569064053141945e-01 -3.761918438081590921e+01
6.425157527576319527e-01 -4.330987596406081508e+01
6.349567439016597925e-01 -4.996405336929917240e+01
6.275735259493148144e-01 -5.779870373335531752e+01
6.203600371452997475e-01 -6.707086537459039732e+01
6.133104912686485610e-01 -7.811330211299319615e+01
6.064193621532705247e-01 -9.131837712457587486e+01
5.996813692404564522e-01 -1.071815863589030187e+02
5.930914640839678453e-01 -1.262491895403472171e+02
5.866448177352291404e-01 -1.492963798976410033e+02
5.803368089423771581e-01 -1.772538246464557403e+02
5.741630131025646788e-01 -2.111546596295214044e+02
5.681191919120113232e-01 -2.523584949619370548e+02
5.622012836629278754e-01 -3.027216044165692779e+02
5.564053941406297277e-01 -3.643857447069488558e+02
5.507277880779701817e-01 -4.399104872341224564e+02
5.451648811276876838e-01 -5.329107395369519509e+02
5.397132323164107737e-01 -6.474607662447705252e+02
5.343695369469413370e-01 -7.892164549630508645e+02
5.291306199180497716e-01 -9.648838652287956847e+02
5.239934294334085418e-01 -1.183473012774252766e+03
5.189550310734719618e-01 -1.456223661273939797e+03
5.140126022061054512e-01 -1.797429407198556646e+03
5.091634267135950465e-01 -2.225837758100878091e+03
5.044048900153371706e-01 -2.765429387637618674e+03
4.997344743670470435e-01 -3.447342599814040113e+03
4.951497544187254962e-01 -4.312090307510124148e+03
4.906483930149188599e-01 -5.412527254294285740e+03
4.862281372219916520e-01 -6.819060684700380079e+03
4.818868145682239645e-01 -8.619941046855252353e+03
4.776223294835493793e-01 -1.093788922066300984e+04
4.734326599266761026e-01 -1.393240939998550857e+04
4.652700278589747551e-01 -3.997250291714123887e+04
4.612933609541972624e-01 -6.872539393282866513e+04
4.573840951833989532e-01 -1.312796169793962035e+05
4.535405313583283915e-01 -2.598113230025577941e+05
4.497610269303423669e-01 -4.884631414626946789e+05
4.460439936499261959e-01 -inf
4.423878953413203363e-01 -inf
4.387912457856998349e-01 -inf
4.352526067067828963e-01 -inf
4.317705858531286633e-01 -inf
4.283438351717545611e-01 -inf
4.249710490680400077e-01 -inf
4.216509627471959343e-01 -inf
