1.635494643383063051e+00 -6.868631808375693648e-01
1.587391859754149426e+00 -7.051443561270890337e-01
1.542037806618316687e+00 -7.217347680848472669e-01
1.499203423101140853e+00 -7.367262786692820864e-01
1.458684411665974956e+00 -7.502300275774612670e-01
1.420297979780028363e+00 -7.622369108937967486e-01
1.383880082862591676e+00 -7.726132815115820396e-01
1.349283080791026990e+00 -7.811887485877416770e-01
1.316373737357099616e+00 -7.878408911228326206e-01
1.285031505515263905e+00 -7.925201784351871837e-01
1.255147051898629629e+00 -7.952182601781506710e-01
1.226620982537297122e+00 -7.959223253261137332e-01
1.199362738480912904e+00 -7.945946112294600683e-01
1.173289635470458281e+00 -7.911824559616991159e-01
1.148326026205129358e+00 -7.856387369083097649e-01
1.124402567325855751e+00 -7.779332512793449839e-01
1.101455576155940363e+00 -7.680510005477059199e-01
1.079426464632821547e+00 -7.559851424168865242e-01
1.058261239836099543e+00 -7.417328667016123145e-01
1.037910062146943924e+00 -7.252961891926594795e-01
1.018326853427190093e+00 -7.066848322489407419e-01
9.994689487340940870e-01 -6.859182631487288351e-01
9.812967860298377198e-01 -6.630263017464559372e-01
9.637736291364479291e-01 -6.380492731516209659e-01
9.468653198533522053e-01 -6.110385868570599177e-01
9.305400557179495102e-01 -5.820578856524962763e-01
9.147681903667979064e-01 -5.511845252084693891e-01
8.995220538606847338e-01 -5.185112118188102137e-01
8.847757906826406726e-01 -4.841477464938483410e-01
8.705052134135657926e-01 -4.482227956546884218e-01
8.566876703435091223e-01 -4.108857780549620142e-01
8.433019254943918686e-01 -3.723104894764789896e-01
8.303280497175551389e-01 -3.327066950113937160e-01
8.177473216915315257e-01 -2.923527373223422932e-01
8.055421377856877285e-01 -2.516585067570978329e-01
7.936959298770747129e-01 -2.112191098613111495e-01
7.821930903136388169e-01 -1.717031663579474954e-01
7.710189033091583433e-01 -1.333874616954937586e-01
7.601594821357898768e-01 -9.550728606048609903e-02
7.496017115505704265e-01 -5.596637963323362192e-02
7.393331949539874159e-01 -1.155818767880049600e-02
7.293422058329875890e-01 4.155522896385047127e-02
7.196176430885476982e-01 1.071592308183322295e-01
7.101489898900141817e-01 1.882949828663983971e-01
7.009262757355984030e-01 2.871142739877802774e-01
6.919400414312958381e-01 4.053239750362268579e-01
6.831813067296339526e-01 5.446914216496135941e-01
6.746415403955134948e-01 7.073300780035005619e-01
6.663126324893959840e-01 8.958295843700208039e-01
6.581868686785496969e-01 1.113339655427327601e+00
6.502569064053141945e-01 1.363660500978217449e+00
6.425157527576319527e-01 1.651356723228528889e+00
6.349567439016597925e-01 1.981900456949811762e+00
6.275735259493148144e-01 2.361848108549695180e+00
6.203600371452997475e-01 2.799056373230858874e+00
6.133104912686485610e-01 3.302945302621419721e+00
6.064193621532705247e-01 3.884818754508033933e+00
5.996813692404564522e-01 4.558255669423626699e+00
5.930914640839678453e-01 5.339589454193219176e+00
5.866448177352291404e-01 6.248497524075281362e+00
5.803368089423771581e-01 7.308729038451843074e+00
5.741630131025646788e-01 8.549006440278958507e+00
5.681191919120113232e-01 1.000414606762824477e+01
5.622012836629278754e-01 1.171645551933862173e+01
5.564053941406297277e-01 1.373748150613732477e+01
5.507277880779701817e-01 1.613020274510414254e+01
5.451648811276876838e-01 1.897178961836593913e+01
5.397132323164107737e-01 2.235708782600592315e+01
5.343695369469413370e-01 2.640302985886012266e+01
5.291306199180497716e-01 3.125423942862985527e+01
5.239934294334085418e-01 3.709017496595088659e+01
5.189550310734719618e-01 4.413426556010214341e+01
5.140126022061054512e-01 5.266563532147868898e+01
5.091634267135950465e-01 6.303420241096473831e+01
5.044048900153371706e-01 7.568019374744359595e+01
4.997344743670470435e-01 9.115945880552969527e+01
4.951497544187254962e-01 1.101764278325981650e+02
4.906483930149188599e-01 1.336271853350677361e+02
4.862281372219916520e-01 1.626559801110464321e+02
4.818868145682239645e-01 1.987296537323090604e+02
4.776223294835493793e-01 2.437360599277286894e+02
4.734326599266761026e-01 3.001147358329404824e+02
4.693158541881833345e-01 3.710311096344539692e+02
4.652700278589747551e-01 4.606097246036819683e+02
4.612933609541972624e-01 5.742478051468547164e+02
4.573840951833989532e-01 7.190386718992840542e+02
4.535405313583283915e-01 9.043460123035745255e+02
4.497610269303423669e-01 1.142586251403002962e+03
4.460439936499261959e-01 1.450299299208510774e+03
4.423878953413203363e-01 1.849620771327099419e+03
