1.587391859754149426e+00 -7.054292835794783167e-01 -4.165399631216334164e+00
1.542037806618316687e+00 -7.220357468496315656e-01 -4.442605778855030607e+00
1.499203423101140853e+00 -7.370406701845447772e-01 -4.673110647494160830e+00
1.458684411665974956e+00 -7.505555161527104335e-01 -4.857205222281805845e+00
1.420297979780028363e+00 -7.625732309111317164e-01 -5.030338783845950346e+00
1.383880082862591676e+00 -7.729614624353743357e-01 -5.221441435126332742e+00
1.349283080791026990e+00 -7.815497323434488219e-01 -5.435091083214525831e+00
1.316373737357099616e+00 -7.882152104645212543e-01 -5.661286474703650207e+00
1.285031505515263905e+00 -7.929075502426218280e-01 -5.883638065636866088e+00
1.255147051898629629e+00 -7.956176770355712913e-01 -6.091146110828050908e+00
1.226620982537297122e+00 -7.963328730780234732e-01 -6.285468824964859813e+00
1.199362738480912904e+00 -7.950160595567951072e-01 -6.475476440575088866e+00
1.173289635470458281e+00 -7.916149551860419686e-01 -6.666223053241685292e+00
1.148326026205129358e+00 -7.860820648170765423e-01 -6.854245770126270010e+00
1.124402567325855751e+00 -7.783868504229034535e-01 -7.035123526476005473e+00
1.101455576155940363e+00 -7.685143433179345562e-01 -7.207644080148599919e+00
1.079426464632821547e+00 -7.564576255050996512e-01 -7.370572782810720369e+00
1.058261239836099543e+00 -7.422139197900240459e-01 -7.523986660599903509e+00
1.037910062146943924e+00 -7.257852622727394287e-01 -7.667769910884803863e+00
1.018326853427190093e+00 -7.071812381463030706e-01 -7.800266209508480486e+00
9.994689487340940870e-01 -6.864212629734675053e-01 -7.920334648786560905e+00
9.812967860298377198e-01 -6.635351070872039791e-01 -8.026827436402729887e+00
9.637736291364479291e-01 -6.385630368151163916e-01 -8.118531696129375419e+00
9.468653198533522053e-01 -6.115562832588724573e-01 -8.193239114234888376e+00
9.305400557179495102e-01 -5.825782223742089760e-01 -8.247942873644840134e+00
9.147681903667979064e-01 -5.517067847486389898e-01 -8.286255671293787373e+00
8.995220538606847338e-01 -5.190339375508452591e-01 -8.301147010936080761e+00
8.847757906826406726e-01 -4.846699463161112109e-01 -8.295091848207331253e+00
8.705052134135657926e-01 -4.487426802561734207e-01 -8.260345682843945880e+00
8.566876703435091223e-01 -4.114014026612800023e-01 -8.194137057181897887e+00
8.433019254943918686e-01 -3.728202129868537495e-01 -8.096879243117378167e+00
8.303280497175551389e-01 -3.332082416270184533e-01 -7.959797106279381751e+00
8.177473216915315257e-01 -2.928433523277307882e-01 -7.771200242171365069e+00
8.055421377856877285e-01 -2.521335102814192264e-01 -7.501542124586690896e+00
7.936959298770747129e-01 -2.116725313694571842e-01 -7.126006390537653168e+00
7.821930903136388169e-01 -1.721301056789298345e-01 -6.663382595543246190e+00
7.710189033091583433e-01 -1.337899862995011457e-01 -6.236679537326202727e+00
7.601594821357898768e-01 -9.589869513960390390e-02 -6.051545603271129004e+00
7.496017115505704265e-01 -5.637154947383023196e-02 -6.313258694309793029e+00
7.393331949539874159e-01 -1.200876660525352496e-02 -7.150484602270353207e+00
7.293422058329875890e-01 4.102497715923364430e-02 -8.604535613112808790e+00
7.196176430885476982e-01 1.065207353784876770e-01 -1.058058365830022929e+01
7.101489898900141817e-01 1.875278054799692506e-01 -1.292049377259505505e+01
7.009262757355984030e-01 2.862059042166985035e-01 -1.549073920424510042e+01
6.919400414312958381e-01 4.042624449690956356e-01 -1.827114362526472391e+01
6.831813067296339526e-01 5.434638875620053655e-01 -2.129163114062777495e+01
6.746415403955134948e-01 7.059189637804427209e-01 -2.463089912487507505e+01
6.663126324893959840e-01 8.942126723032283175e-01 -2.837633321900745642e+01
6.581868686785496969e-01 1.111488380832705403e+00 -3.263749737959328456e+01
6.502569064053141945e-01 1.361540483645550470e+00 -3.753048662208512098e+01
6.425157527576319527e-01 1.648924885117760919e+00 -4.320815308664607102e+01
6.349567439016597925e-01 1.979104225761111779e+00 -4.984711072999234460e+01
6.275735259493148144e-01 2.358623125260645104e+00 -5.766385400600621836e+01
6.203600371452997475e-01 2.795324829222980423e+00 -6.691482158466028807e+01
6.133104912686485610e-01 3.298610570679115561e+00 -7.793204778994856952e+01
6.064193621532705247e-01 3.879763021849739424e+00 -9.110700376398163769e+01
5.996813692404564522e-01 4.552333308815312840e+00 -1.069340944858365816e+02
5.930914640839678453e-01 5.332628529958117980e+00 -1.259582362145562939e+02
5.866448177352291404e-01 6.240280797622101971e+00 -1.489529760854142069e+02
5.803368089423771581e-01 7.298986690499861929e+00 -1.768469476474139412e+02
5.741630131025646788e-01 8.537418624139220924e+00 -2.106707596994838525e+02
5.681191919120113232e-01 9.990321229264967684e+00 -2.517808891696083435e+02
5.622012836629278754e-01 1.169989236025542922e+01 -3.020297178990400084e+02
5.564053941406297277e-01 1.371756412671322245e+01 -3.635541249586610206e+02
5.507277880779701817e-01 1.610618752631928174e+01 -4.389075563158906448e+02
5.451648811276876838e-01 1.894272249458546042e+01 -5.316972446371330534e+02
5.397132323164107737e-01 2.232181076620855009e+01 -6.459877341202915204e+02
5.343695369469413370e-01 2.636006383600197722e+01 -7.874226465576198279e+02
5.291306199180497716e-01 3.120175808868101441e+01 -9.626924289144579916e+02
5.239934294334085418e-01 3.702585075038405193e+01 -1.180787243669524514e+03
5.189550310734719618e-01 4.405516547799882687e+01 -1.452921456343919317e+03
5.140126022061054512e-01 5.256806556819945797e+01 -1.793356082011433728e+03
5.091634267135950465e-01 6.291344584149868524e+01 -2.220796727166608889e+03
5.044048900153371706e-01 7.553024114127087785e+01 -2.759169938150368580e+03
4.997344743670470435e-01 9.097261940650855649e+01 -3.439543879513536012e+03
4.951497544187254962e-01 1.099428228567688990e+02 -4.302340237434606934e+03
4.906483930149188599e-01 1.333340846386034002e+02 -5.400294664305453807e+03
4.862281372219916520e-01 1.622867729440707194e+02 -6.803658447995129791e+03
4.818868145682239645e-01 1.982631780208905354e+02 -8.600476549965749655e+03
