1.587391859754149426e+00 -7.054292835794783167e-01
1.542037806618316687e+00 -7.220357468496315656e-01
1.499203423101140853e+00 -7.370406701845447772e-01
1.458684411665974956e+00 -7.505555161527104335e-01
1.420297979780028363e+00 -7.625732309111317164e-01
1.383880082862591676e+00 -7.729614624353743357e-01
1.349283080791026990e+00 -7.815497323434488219e-01
1.316373737357099616e+00 -7.882152104645212543e-01
1.285031505515263905e+00 -7.929075502426218280e-01
1.255147051898629629e+00 -7.956176770355712913e-01
1.226620982537297122e+00 -7.963328730780234732e-01
1.199362738480912904e+00 -7.950160595567951072e-01
1.173289635470458281e+00 -7.916149551860419686e-01
1.148326026205129358e+00 -7.860820648170765423e-01
1.124402567325855751e+00 -7.783868504229034535e-01
1.101455576155940363e+00 -7.685143433179345562e-01
1.079426464632821547e+00 -7.564576255050996512e-01
1.058261239836099543e+00 -7.422139197900240459e-01
1.037910062146943924e+00 -7.257852622727394287e-01
1.018326853427190093e+00 -7.071812381463030706e-01
9.994689487340940870e-01 -6.864212629734675053e-01
9.812967860298377198e-01 -6.635351070872039791e-01
9.637736291364479291e-01 -6.385630368151163916e-01
9.468653198533522053e-01 -6.115562832588724573e-01
9.305400557179495102e-01 -5.825782223742089760e-01
9.147681903667979064e-01 -5.517067847486389898e-01
8.995220538606847338e-01 -5.190339375508452591e-01
8.847757906826406726e-01 -4.846699463161112109e-01
8.705052134135657926e-01 -4.487426802561734207e-01
8.566876703435091223e-01 -4.114014026612800023e-01
8.433019254943918686e-01 -3.728202129868537495e-01
8.303280497175551389e-01 -3.332082416270184533e-01
8.177473216915315257e-01 -2.928433523277307882e-01
8.055421377856877285e-01 -2.521335102814192264e-01
7.936959298770747129e-01 -2.116725313694571842e-01
7.821930903136388169e-01 -1.721301056789298345e-01
7.710189033091583433e-01 -1.337899862995011457e-01
7.601594821357898768e-01 -9.589869513960390390e-02
7.496017115505704265e-01 -5.637154947383023196e-02
7.393331949539874159e-01 -1.200876660525352496e-02
7.293422058329875890e-01 4.102497715923364430e-02
7.196176430885476982e-01 1.065207353784876770e-01
7.101489898900141817e-01 1.875278054799692506e-01
7.009262757355984030e-01 2.862059042166985035e-01
6.919400414312958381e-01 4.042624449690956356e-01
6.831813067296339526e-01 5.434638875620053655e-01
6.746415403955134948e-01 7.059189637804427209e-01
6.663126324893959840e-01 8.942126723032283175e-01
6.581868686785496969e-01 1.111488380832705403e+00
6.502569064053141945e-01 1.361540483645550470e+00
6.425157527576319527e-01 1.648924885117760919e+00
6.349567439016597925e-01 1.979104225761111779e+00
6.275735259493148144e-01 2.358623125260645104e+00
6.203600371452997475e-01 2.795324829222980423e+00
6.133104912686485610e-01 3.298610570679115561e+00
6.064193621532705247e-01 3.879763021849739424e+00
5.996813692404564522e-01 4.552333308815312840e+00
5.930914640839678453e-01 5.332628529958117980e+00
5.866448177352291404e-01 6.240280797622101971e+00
5.803368089423771581e-01 7.298986690499861929e+00
5.741630131025646788e-01 8.537418624139220924e+00
5.681191919120113232e-01 9.990321229264967684e+00
5.622012836629278754e-01 1.169989236025542922e+01
5.564053941406297277e-01 1.371756412671322245e+01
5.507277880779701817e-01 1.610618752631928174e+01
5.451648811276876838e-01 1.894272249458546042e+01
5.397132323164107737e-01 2.232181076620855009e+01
5.343695369469413370e-01 2.636006383600197722e+01
5.291306199180497716e-01 3.120175808868101441e+01
5.239934294334085418e-01 3.702585075038405193e+01
5.189550310734719618e-01 4.405516547799882687e+01
5.140126022061054512e-01 5.256806556819945797e+01
5.091634267135950465e-01 6.291344584149868524e+01
5.044048900153371706e-01 7.553024114127087785e+01
4.997344743670470435e-01 9.097261940650855649e+01
4.951497544187254962e-01 1.099428228567688990e+02
4.906483930149188599e-01 1.333340846386034002e+02
4.862281372219916520e-01 1.622867729440707194e+02
4.818868145682239645e-01 1.982631780208905354e+02
4.776223294835493793e-01 2.431443625243998667e+02
4.734326599266761026e-01 2.993612662240178111e+02
4.652700278589747551e-01 4.571622624055154347e+02
4.612933609541972624e-01 5.674924893076276931e+02
4.573840951833989532e-01 7.042988882984207066e+02
4.535405313583283915e-01 8.712041067485871508e+02
4.497610269303423669e-01 1.071412359657087336e+03
4.460439936499261959e-01 1.307739406599212771e+03
4.423878953413203363e-01 1.582644690615293257e+03
4.387912457856998349e-01 1.898261941197619535e+03
4.352526067067828963e-01 2.256427516898470458e+03
4.317705858531286633e-01 2.658706471313510519e+03
4.283438351717545611e-01 3.106416484397291697e+03
4.249710490680400077e-01 3.600649826665284763e+03
4.216509627471959343e-01 4.142293518347169083e+03
4.183823506328765429e-01 4.732047833584570981e+03
