1.635494643383063051e+00 -2.299214140766968895e-01
1.587391859754149426e+00 -2.455711382052433445e-01
1.542037806618316687e+00 -2.620331756744325724e-01
1.499203423101140853e+00 -2.744374286426743415e-01
1.458684411665974956e+00 -2.858745932441915660e-01
1.420297979780028363e+00 -2.925313423304823912e-01
1.383880082862591676e+00 -3.033515423284600110e-01
1.349283080791026990e+00 -3.124350637770585970e-01
1.316373737357099616e+00 -3.341293586759191414e-01
1.285031505515263905e+00 -3.422138053333105834e-01
1.255147051898629629e+00 -3.635564752348070527e-01
1.226620982537297122e+00 -3.688637381880366939e-01
1.199362738480912904e+00 -3.783195510272379658e-01
1.173289635470458281e+00 -3.948265278561216007e-01
1.148326026205129358e+00 -4.012136887191019574e-01
1.124402567325855751e+00 -4.031787989008985273e-01
1.101455576155940363e+00 -4.207708192944663583e-01
1.079426464632821547e+00 -4.293797483841180762e-01
1.058261239836099543e+00 -4.331132856086638561e-01
1.037910062146943924e+00 -4.466588441550191635e-01
1.018326853427190093e+00 -4.484425932266141168e-01
9.994689487340940870e-01 -4.578046856453020785e-01
9.812967860298377198e-01 -4.663715016707035144e-01
9.637736291364479291e-01 -4.704363482302635902e-01
9.468653198533522053e-01 -4.726185382490941667e-01
9.305400557179495102e-01 -4.792535443989573984e-01
9.147681903667979064e-01 -4.762978401354338587e-01
8.995220538606847338e-01 -4.759276679410679445e-01
8.847757906826406726e-01 -4.841782488451611965e-01
8.705052134135657926e-01 -4.702812689369171850e-01
8.566876703435091223e-01 -4.727482531097774165e-01
8.433019254943918686e-01 -4.719214612797468789e-01
8.303280497175551389e-01 -4.560140937523561866e-01
8.177473216915315257e-01 -4.443075556113324498e-01
8.055421377856877285e-01 -4.322378202443687423e-01
7.936959298770747129e-01 -4.138928685792366835e-01
7.821930903136388169e-01 -3.872112341928642398e-01
7.710189033091583433e-01 -3.658168307998284075e-01
7.601594821357898768e-01 -3.595712470675180850e-01
7.496017115505704265e-01 -3.730575879176729059e-01
7.393331949539874159e-01 -4.103126563577820796e-01
7.293422058329875890e-01 -4.964741430792410926e-01
7.196176430885476982e-01 -6.140623734247924181e-01
7.101489898900141817e-01 -7.520897879842263212e-01
7.009262757355984030e-01 -8.811784751655005188e-01
6.919400414312958381e-01 -1.049742889959555558e+00
6.831813067296339526e-01 -1.211879747664271090e+00
6.746415403955134948e-01 -1.414886145063873446e+00
6.663126324893959840e-01 -1.614208095699489087e+00
6.581868686785496969e-01 -1.825200733347383419e+00
6.502569064053141945e-01 -2.194848896661661719e+00
6.425157527576319527e-01 -2.420711255293036324e+00
6.349567439016597925e-01 -2.749094267329295072e+00
6.275735259493148144e-01 -3.329557931678191363e+00
6.203600371452997475e-01 -3.814286960609883703e+00
6.133104912686485610e-01 -4.419860736324564776e+00
6.064193621532705247e-01 -5.305045121904219840e+00
5.996813692404564522e-01 -6.072455548286073146e+00
5.930914640839678453e-01 -6.912678234971581404e+00
5.866448177352291404e-01 -8.095409087573720797e+00
5.803368089423771581e-01 -9.739077166941925157e+00
5.741630131025646788e-01 -1.179875469397659771e+01
5.681191919120113232e-01 -1.427205414370651582e+01
5.622012836629278754e-01 -1.710839728861136777e+01
5.564053941406297277e-01 -2.088417868114161990e+01
5.507277880779701817e-01 -2.563338855130170302e+01
5.451648811276876838e-01 -3.123528745088650993e+01
5.397132323164107737e-01 -3.794866682547765890e+01
5.343695369469413370e-01 -4.507201280912760666e+01
5.291306199180497716e-01 -5.356028950911267117e+01
5.239934294334085418e-01 -6.598203906629532867e+01
5.189550310734719618e-01 -8.489972735525560665e+01
5.140126022061054512e-01 -1.065144871033892855e+02
5.091634267135950465e-01 -1.202859544768563183e+02
5.044048900153371706e-01 -1.406029588997848805e+02
4.997344743670470435e-01 -1.961713323092010057e+02
4.951497544187254962e-01 -2.531521240334529921e+02
4.906483930149188599e-01 -2.959048155104626403e+02
4.862281372219916520e-01 -3.954971228410513504e+02
4.818868145682239645e-01 -4.752807430723931930e+02
4.776223294835493793e-01 -5.951823930123208584e+02
4.734326599266761026e-01 -8.726396196961591158e+02
4.693158541881833345e-01 -9.543954254456386934e+02
4.652700278589747551e-01 -1.301237052596292415e+03
4.612933609541972624e-01 -1.770883804634360786e+03
4.573840951833989532e-01 -2.214450732568290277e+03
