1.635494643383063051e+00 -6.944671668857854696e-01
1.587391859754149426e+00 -7.132213725883240762e-01
1.542037806618316687e+00 -7.302759322114139584e-01
1.499203423101140853e+00 -7.456597704530806281e-01
1.458684411665974956e+00 -7.594884258402663235e-01
1.420297979780028363e+00 -7.718014090845815023e-01
1.383880082862591676e+00 -7.825076136017155015e-01
1.349283080791026990e+00 -7.914455978276105919e-01
1.316373737357099616e+00 -7.984739523574356790e-01
1.285031505515263905e+00 -8.035186383003789512e-01
1.255147051898629629e+00 -8.065596912819824604e-01
1.226620982537297122e+00 -8.075880485586991453e-01
1.199362738480912904e+00 -8.065752914266375306e-01
1.173289635470458281e+00 -8.034738748157681520e-01
1.148326026205129358e+00 -7.982351122615787276e-01
1.124402567325855751e+00 -7.908240524917738989e-01
1.101455576155940363e+00 -7.812218967621913368e-01
1.079426464632821547e+00 -7.694202994928195372e-01
1.058261239836099543e+00 -7.554161230146638761e-01
1.037910062146943924e+00 -7.392107534901422028e-01
1.018326853427190093e+00 -7.208124577430317093e-01
9.994689487340940870e-01 -7.002387555469971048e-01
9.812967860298377198e-01 -6.775174433210514602e-01
9.637736291364479291e-01 -6.526868458405480355e-01
9.468653198533522053e-01 -6.257962610150318294e-01
9.305400557179495102e-01 -5.969069563640722054e-01
9.147681903667979064e-01 -5.660935702831796368e-01
8.995220538606847338e-01 -5.334457317814993438e-01
8.847757906826406726e-01 -4.990697886255422433e-01
8.705052134135657926e-01 -4.630906049762091303e-01
8.566876703435091223e-01 -4.256533636789465724e-01
8.433019254943918686e-01 -3.869263929433313098e-01
8.303280497175551389e-01 -3.471097141163179134e-01
8.177473216915315257e-01 -3.064607829305181497e-01
8.055421377856877285e-01 -2.653504815899739855e-01
7.936959298770747129e-01 -2.243294769135280309e-01
7.821930903136388169e-01 -1.840822059422507484e-01
7.710189033091583433e-01 -1.450589995170754598e-01
7.601594821357898768e-01 -1.068217315382327254e-01
7.496017115505704265e-01 -6.761015996179280119e-02
7.393331949539874159e-01 -2.444996117612095038e-02
7.293422058329875890e-01 2.641627874437376539e-02
7.196176430885476982e-01 8.889417767943266768e-02
7.101489898900141817e-01 1.662911574275663662e-01
7.009262757355984030e-01 2.609808345760434301e-01
6.919400414312958381e-01 3.747358434833562013e-01
6.831813067296339526e-01 5.092686338774906618e-01
6.746415403955134948e-01 6.665803478504357393e-01
6.663126324893959840e-01 8.491203707584527027e-01
6.581868686785496969e-01 1.059874546258458228e+00
6.502569064053141945e-01 1.302450248035640579e+00
6.425157527576319527e-01 1.581181937227257750e+00
6.349567439016597925e-01 1.901264454060190845e+00
6.275735259493148144e-01 2.268918316663442791e+00
6.203600371452997475e-01 2.691592016699318357e+00
6.133104912686485610e-01 3.178208378736866013e+00
6.064193621532705247e-01 3.739464341253203372e+00
5.996813692404564522e-01 4.388196327166585142e+00
5.930914640839678453e-01 5.139827099033499991e+00
5.866448177352291404e-01 6.012914167067953564e+00
5.803368089423771581e-01 7.029825389104389366e+00
5.741630131025646788e-01 8.217574300896513861e+00
5.681191919120113232e-01 9.608856482771775731e+00
5.622012836629278754e-01 1.124333927568069846e+01
5.564053941406297277e-01 1.316927222555907839e+01
5.507277880779701817e-01 1.544550363675285531e+01
5.451648811276876838e-01 1.814401330378600719e+01
5.397132323164107737e-01 2.135310364423517981e+01
5.343695369469413370e-01 2.518143259564139314e+01
5.291306199180497716e-01 2.976312610191634178e+01
5.239934294334085418e-01 3.526428219211665294e+01
5.189550310734719618e-01 4.189126940716858627e+01
5.140126022061054512e-01 4.990135348900103907e+01
5.091634267135950465e-01 5.961635315471281871e+01
5.044048900153371706e-01 7.144024691357897439e+01
4.997344743670470435e-01 8.588195832293888543e+01
4.951497544187254962e-01 1.035849513693955117e+02
4.906483930149188599e-01 1.253658123939137283e+02
4.862281372219916520e-01 1.522647392512532178e+02
4.818868145682239645e-01 1.856118721684984507e+02
4.776223294835493793e-01 2.271147695877339174e+02
4.734326599266761026e-01 2.789742314121314735e+02
4.693158541881833345e-01 3.440383099296204250e+02
4.652700278589747551e-01 4.260078826236826330e+02
4.612933609541972624e-01 5.297122741135175374e+02
4.573840951833989532e-01 6.614803294001192171e+02
4.535405313583283915e-01 8.296421907453053564e+02
4.497610269303423669e-01 1.045210814218432461e+03
4.460439936499261959e-01 1.322811746158101187e+03
4.423878953413203363e-01 1.681957504481543765e+03
4.387912457856998349e-01 2.148802219285846604e+03
4.352526067067828963e-01 2.758569144182930359e+03
4.317705858531286633e-01 3.558925110506750570e+03
