# R  E_0  E_1  E_2  E_3  E_4  E_5  E_6 
1.635494643383063051e+00 -1.704310850875158934e-01 -1.034427523069356702e-01 -4.998893966650140575e-02 -2.130623207505916161e-02 -7.752463673507056785e-03 -1.694842015855988621e-03 -1.187716596341709531e-04
1.587391859754149426e+00 -1.687328813521240534e-01 -1.005591468108028019e-01 -4.823067609949367729e-02 -2.159893202374640886e-02 -7.787525567401781812e-03 -1.696211588346881183e-03 -1.187757309305232474e-04
1.542037806618316687e+00 -1.663295466583868398e-01 -9.742129966249124529e-02 -4.692963972134850392e-02 -2.181889291046598678e-02 -7.820333374034538210e-03 -1.697877682204753172e-03 -1.187928492732030295e-04
1.499203423101140853e+00 -1.634095056312395988e-01 -9.427118027441452885e-02 -4.619515129376239315e-02 -2.194510053559947660e-02 -7.842208224667465005e-03 -1.699067965120721474e-03 -1.188028877180122094e-04
1.458684411665974956e+00 -1.601779415757340619e-01 -9.136008124958885923e-02 -4.600948833881302047e-02 -2.201842684234067704e-02 -7.854355520442144606e-03 -1.699775081519534770e-03 -1.188162968717243560e-04
1.420297979780028363e+00 -1.567736914813384619e-01 -8.887518580196773765e-02 -4.622936675276785590e-02 -2.208998850208857001e-02 -7.862388235008649362e-03 -1.700177952956126101e-03 -1.188192061517973899e-04
1.383880082862591676e+00 -1.532911190292005066e-01 -8.694278740906058456e-02 -4.666301861594429612e-02 -2.218512210677575647e-02 -7.871526273901065240e-03 -1.700628371644430110e-03 -1.188196223945775965e-04
1.349283080791026990e+00 -1.498326812675355724e-01 -8.563947309635794314e-02 -4.714285932045858551e-02 -2.229948158174005490e-02 -7.883463534421106603e-03 -1.701319072942207578e-03 -1.188290775784874947e-04
1.316373737357099616e+00 -1.465438254420423636e-01 -8.498131498990461885e-02 -4.756874587122039005e-02 -2.241504538909439015e-02 -7.896628410009329593e-03 -1.702107078847818478e-03 -1.188363454023214891e-04
1.285031505515263905e+00 -1.436156519641945128e-01 -8.490758390623120988e-02 -4.791849467634351489e-02 -2.251816707218437519e-02 -7.909141908356683015e-03 -1.702878752252940178e-03 -1.188418772016972626e-04
1.255147051898629629e+00 -2.211900162134232684e-01 -8.528075858322692326e-02 -4.821981873899877646e-02 -2.260576422268578689e-02 -7.920164696025563944e-03 -1.703592325031684160e-03 -1.188496036129782583e-04
1.226620982537297122e+00 -1.395723354446516407e-01 -8.592301891254816582e-02 -4.850768355046569669e-02 -2.268190319074567252e-02 -7.929791437389720199e-03 -1.704214736959017151e-03 -1.188550117452848794e-04
1.199362738480912904e+00 -1.386652645573911435e-01 -8.667169285169928905e-02 -4.879904970890269755e-02 -2.275215585086323711e-02 -7.938688474239237458e-03 -1.704787989800326045e-03 -1.188593838797461145e-04
1.173289635470458281e+00 -1.384819659943374859e-01 -8.741898739174791544e-02 -4.909133011277966308e-02 -2.281952646023337195e-02 -7.947404508892827110e-03 -1.705373807319356810e-03 -1.188677018315572112e-04
1.148326026205129358e+00 -1.388894911751433758e-01 -8.811928999703144694e-02 -4.937308221264391506e-02 -2.288362480941551896e-02 -7.955848334406594169e-03 -1.705926455840707165e-03 -1.188728222918139819e-04
1.124402567325855751e+00 -2.068162284211869095e-01 -8.877144269759731920e-02 -4.963586101373163029e-02 -2.294322894322121595e-02 -7.963815702440013231e-03 -1.706418113466692549e-03 -1.188720198462921271e-04
1.101455576155940363e+00 -1.407356256529832539e-01 -8.939049797958142918e-02 -4.987820589079422495e-02 -2.299815510007960015e-02 -7.971384068253005439e-03 -1.706909523620816355e-03 -1.188750816867850110e-04
1.079426464632821547e+00 -1.418449052171427416e-01 -8.998609195156537233e-02 -5.010210018897764961e-02 -2.304875323547769805e-02 -7.978604432650623912e-03 -1.707426296983801436e-03 -1.188860617757348908e-04
1.058261239836099543e+00 -1.429428879124436946e-01 -9.055644543947205527e-02 -5.030876007288678786e-02 -2.309498830293502114e-02 -7.985249396915666820e-03 -1.707887360531371197e-03 -1.188934795869692602e-04
1.037910062146943924e+00 -1.439921583140576500e-01 -9.109524261226986663e-02 -5.049873776074426113e-02 -2.313702281174387365e-02 -7.991238314390719522e-03 -1.708258972305658555e-03 -1.188924232182930112e-04
1.018326853427190093e+00 -1.449842408878126987e-01 -9.159828066431863203e-02 -5.067309330347880003e-02 -2.317568177967119225e-02 -7.996893631667147118e-03 -1.708645750277122287e-03 -1.188975754710660062e-04
9.994689487340940870e-01 -1.459146155859029070e-01 -9.206127306193123694e-02 -5.083109665744006689e-02 -2.321073017581695708e-02 -8.002084865127295776e-03 -1.709009448949449714e-03 -1.189037380564488119e-04
9.812967860298377198e-01 -1.467764096498518356e-01 -9.248130495562600917e-02 -5.097198435427603702e-02 -2.324178795509791728e-02 -8.006622166961123443e-03 -1.709293463640301249e-03 -1.189031901796608749e-04
9.637736291364479291e-01 -1.475620058408064761e-01 -9.285760911577928267e-02 -5.109636812223489200e-02 -2.326926442088611546e-02 -8.010702638161386335e-03 -1.709567432563461123e-03 -1.189058973556465369e-04
9.468653198533522053e-01 -1.482607157997362091e-01 -9.318775386623467938e-02 -5.120385285343809212e-02 -2.329298859122025389e-02 -8.014258745780045157e-03 -1.709815336131605135e-03 -1.189098459616121182e-04
9.305400557179495102e-01 -1.488605554398724218e-01 -9.346808068294631955e-02 -5.129338229128704851e-02 -2.331249981167302088e-02 -8.017114617996229375e-03 -1.709988344262834345e-03 -1.189084997680372102e-04
9.147681903667979064e-01 -1.493514175114605269e-01 -9.369632419504170251e-02 -5.136499630134364058e-02 -2.332808036207452418e-02 -8.019471549565752519e-03 -1.710162521249379911e-03 -1.189128865374812190e-04
8.995220538606847338e-01 -1.497190458056839035e-01 -9.386743045926476681e-02 -5.141701899536454956e-02 -2.333911804011598590e-02 -8.021143426996776155e-03 -1.710292103664751671e-03 -1.189171128031134349e-04
8.847757906826406726e-01 -1.499468960351620916e-01 -9.397565979498817557e-02 -5.144764295829773459e-02 -2.334504939054047115e-02 -8.021995521287857145e-03 -1.710351466200604742e-03 -1.189182273025401549e-04
8.705052134135657926e-01 -1.500128201730714927e-01 -9.401370109347861881e-02 -5.145453940257597308e-02 -2.334518637676671893e-02 -8.021880558766236735e-03 -1.710316416786887908e-03 -1.189136708347410601e-04
8.566876703435091223e-01 -1.498811540312334767e-01 -9.397152850161549775e-02 -5.143501748116940941e-02 -2.333894267191916061e-02 -8.020751428394590210e-03 -1.710200801206726009e-03 -1.189063866656982693e-04
8.433019254943918686e-01 -1.494836675142505733e-01 -9.383193229623176812e-02 -5.138542913012133367e-02 -2.332595970691761500e-02 -8.018805552998005404e-03 -1.710113050024847630e-03 -1.189130623480745162e-04
8.303280497175551389e-01 -1.486832515081653039e-01 -9.355178219817084084e-02 -5.129351551415306520e-02 -2.330288457269230618e-02 -8.015190971641793227e-03 -1.709860831504433128e-03 -1.189096075637277854e-04
8.177473216915315257e-01 -1.473067501946185853e-01 -9.305611233356769763e-02 -5.113840235285722902e-02 -2.326539331241236908e-02 -8.009405488650003097e-03 -1.709457746250386736e-03 -1.189038213023638560e-04
8.055421377856877285e-01 -1.453546844165283236e-01 -9.225157204379597076e-02 -5.088466337617372076e-02 -2.320508457580378048e-02 -8.000245979846783151e-03 -1.708846025529362454e-03 -1.188989193697934967e-04
7.936959298770747129e-01 -1.434237678059875343e-01 -9.115956599723032405e-02 -5.050359438600707934e-02 -2.311188253769019818e-02 -7.985936704310345191e-03 -1.707872638672336407e-03 -1.188885833161291950e-04
7.821930903136388169e-01 -1.427045318152583286e-01 -9.016129513569684506e-02 -5.005174311395597930e-02 -2.298978448287827825e-02 -7.966422901951576707e-03 -1.706516863785840533e-03 -1.188726197011205610e-04
7.710189033091583433e-01 -1.441201098944226988e-01 -8.995525319062636083e-02 -4.975141607734567817e-02 -2.288293074735102406e-02 -7.947604673302771650e-03 -1.705218209506730205e-03 -1.188669234163406086e-04
7.601594821357898768e-01 -1.477069685844897284e-01 -9.100048826404003033e-02 -4.988279035346487866e-02 -2.287040339958358592e-02 -7.941618395913882522e-03 -1.704692667806949986e-03 -1.188610285152484977e-04
7.496017115505704265e-01 -1.528816683713479785e-01 -9.319072976921338736e-02 -5.054431678879514611e-02 -2.300774668094081321e-02 -7.959878637057715700e-03 -1.705841708629128074e-03 -1.188724092172428921e-04
7.393331949539874159e-01 -1.588767726657323021e-01 -9.606236454130012703e-02 -5.158842435688820727e-02 -2.327359020292400771e-02 -8.001220080866264933e-03 -1.708621506785743156e-03 -1.188944267532379760e-04
7.293422058329875890e-01 -1.649899613260895626e-01 -9.910416768212226835e-02 -5.276413156497894441e-02 -2.359316531675297035e-02 -8.053326912485753164e-03 -1.712237993674879276e-03 -1.189307686063781431e-04
7.196176430885476982e-01 -1.707193123804147117e-01 -1.019410262294012659e-01 -5.386547555850668134e-02 -2.389501867530025719e-02 -8.102734283428704443e-03 -1.715643885422288642e-03 -1.189612380016718526e-04
7.101489898900141817e-01 -1.758402695465394183e-01 -1.044095152555836181e-01 -5.480168668237164753e-02 -2.414688267652918829e-02 -8.143376594681554781e-03 -1.718413526926871292e-03 -1.189846607756839638e-04
7.009262757355984030e-01 -1.803555680526199856e-01 -1.065131174084778115e-01 -5.557424728697404198e-02 -2.434947842906944049e-02 -8.175652287977550059e-03 -1.720669734358843024e-03 -1.190169299859457423e-04
6.919400414312958381e-01 -1.843601167921519179e-01 -1.083168217557354263e-01 -5.621527441392467489e-02 -2.451278182828041385e-02 -8.200963034618945213e-03 -1.722331237329283518e-03 -1.190261488418438473e-04
6.831813067296339526e-01 -1.879675664318617434e-01 -1.098958590023052517e-01 -5.676188685321120753e-02 -2.464928344882667821e-02 -8.221950606917615562e-03 -1.723751030867820165e-03 -1.190428194846637788e-04
6.746415403955134948e-01 -1.912623490080305189e-01 -1.113031197829658092e-01 -5.723823125742955736e-02 -2.476608066771140981e-02 -8.239654141670216259e-03 -1.724924079854063541e-03 -1.190537807205288074e-04
6.663126324893959840e-01 -1.943084540694164364e-01 -1.125776911006523967e-01 -5.766193784874423800e-02 -2.486855895597116228e-02 -8.255072671790437966e-03 -1.725952127399927628e-03 -1.190652347573895796e-04
6.581868686785496969e-01 -1.971492064906619213e-01 -1.137449688947410609e-01 -5.804375799360886323e-02 -2.495963383912944145e-02 -8.268572999499741727e-03 -1.726812834949431087e-03 -1.190690522046510105e-04
6.502569064053141945e-01 -1.998200128376754758e-01 -1.148260276884482817e-01 -5.839317041141250941e-02 -2.504243627101974956e-02 -8.280922364312853778e-03 -1.727655669423458539e-03 -1.190825412549483138e-04
6.425157527576319527e-01 -2.023410985065584866e-01 -1.158321758605498769e-01 -5.871445033735500640e-02 -2.511780716362970595e-02 -8.292049145949123568e-03 -1.728394504029092402e-03 -1.190915136330327417e-04
6.349567439016597925e-01 -2.047267073976233309e-01 -1.167714759426615317e-01 -5.901064891118990019e-02 -2.518635546597229255e-02 -8.301911790363193655e-03 -1.728971937027208583e-03 -1.190864493207010119e-04
6.275735259493148144e-01 -2.069926502941308311e-01 -1.176539352726888726e-01 -5.928662529773509604e-02 -2.524996784372708636e-02 -8.311121873966702267e-03 -1.729547060190622350e-03 -1.190881162284092033e-04
6.203600371452997475e-01 -2.091495139493564637e-01 -1.184864123693113447e-01 -5.954567415658607032e-02 -2.530987346258867232e-02 -8.320055499770134810e-03 -1.730213185921058040e-03 -1.191084792654427198e-04
6.133104912686485610e-01 -2.111930047443375535e-01 -1.192656617294125532e-01 -5.978502028940152480e-02 -2.536414197416786420e-02 -8.327731711649195845e-03 -1.730646313418886077e-03 -1.191022889585780523e-04
6.064193621532705247e-01 -2.131344487858539694e-01 -1.199997957695712048e-01 -6.000925951210761555e-02 -2.541494638896671376e-02 -8.335010918067646546e-03 -1.731100279789913633e-03 -1.191039616071028250e-04
5.996813692404564522e-01 -2.149773596109560148e-01 -1.206914968194932047e-01 -6.021966696817843134e-02 -2.546272863203728754e-02 -8.342014159489416492e-03 -1.731602202578058983e-03 -1.191168343732375913e-04
5.930914640839678453e-01 -2.167191452750047154e-01 -1.213391958819449723e-01 -6.041489039820530094e-02 -2.550652360337024582e-02 -8.348245398161979747e-03 -1.731987605517524079e-03 -1.191179237473042669e-04
5.866448177352291404e-01 -2.183645237235356529e-01 -1.219463346345922572e-01 -6.059680650743126673e-02 -2.554715893304852770e-02 -8.354008186140661485e-03 -1.732342065585102016e-03 -1.191186765959843514e-04
5.803368089423771581e-01 -2.199158365980575791e-01 -1.225145351052546738e-01 -6.076603741051256335e-02 -2.558476503010873038e-02 -8.359305828863280996e-03 -1.732659498476649823e-03 -1.191180073643419721e-04
5.741630131025646788e-01 -2.213793940537279459e-01 -1.230479778018336301e-01 -6.092478353070512886e-02 -2.562033067731518676e-02 -8.364516974614287503e-03 -1.733049686774716484e-03 -1.191307173999988554e-04
5.681191919120113232e-01 -2.227533860231392104e-01 -1.235450857981480466e-01 -6.107169156656505615e-02 -2.565294902778952890e-02 -8.369194274493813035e-03 -1.733366958759702779e-03 -1.191365498504973197e-04
5.622012836629278754e-01 -2.240408112779511407e-01 -1.240074353298309395e-01 -6.120726016728272878e-02 -2.568268442629080550e-02 -8.373315856295472995e-03 -1.733598356191145412e-03 -1.191335210756412936e-04
5.564053941406297277e-01 -2.252509252091273728e-01 -1.244405701946566384e-01 -6.133444465633919318e-02 -2.571093582071633243e-02 -8.377443949083643315e-03 -1.733911013418719350e-03 -1.191443184039070913e-04
5.507277880779701817e-01 -2.263781656175221091e-01 -1.248400888492268157e-01 -6.145005234727229926e-02 -2.573580164820155058e-02 -8.380702440073726014e-03 -1.734028278348409514e-03 -1.191307901444784443e-04
5.451648811276876838e-01 -2.274408648609828609e-01 -1.252173332013654106e-01 -6.156049330675783526e-02 -2.576050914336362740e-02 -8.384452505660146271e-03 -1.734365081589874479e-03 -1.191496526707561251e-04
5.397132323164107737e-01 -2.284292760823456447e-01 -1.255648942446676020e-01 -6.166076670902229800e-02 -2.578222198463134274e-02 -8.387416181006211724e-03 -1.734520861791445309e-03 -1.191457667014241082e-04
5.343695369469413370e-01 -2.293490197051862856e-01 -1.258856788893099043e-01 -6.175221271204381357e-02 -2.580149726681796318e-02 -8.389800456894559721e-03 -1.734555498211841178e-03 -1.191272179349165457e-04
5.291306199180497716e-01 -2.302200160317450506e-01 -1.261917725505909971e-01 -6.184157176999563466e-02 -2.582171423248727504e-02 -8.393031561515093553e-03 -1.734903947201550146e-03 -1.191534476641638654e-04
5.239934294334085418e-01 -2.310249886646584261e-01 -1.264708944590973994e-01 -6.192104915522401304e-02 -2.583861728342569386e-02 -8.395228073901708776e-03 -1.734981270182355678e-03 -1.191441263362310373e-04
5.189550310734719618e-01 -2.317801012894050161e-01 -1.267326873399589049e-01 -6.199598034710188110e-02 -2.585487174323719550e-02 -8.397514297678723705e-03 -1.735130356680405356e-03 -1.191461133102399757e-04
5.140126022061054512e-01 -2.324898653397797776e-01 -1.269792563296827659e-01 -6.206723521334314708e-02 -2.587079989818223680e-02 -8.399998580377966706e-03 -1.735380870834339444e-03 -1.191633511813183300e-04
5.091634267135950465e-01 -2.331487361691687021e-01 -1.272061021416153181e-01 -6.213178168289712477e-02 -2.588471018145682701e-02 -8.401927082046907469e-03 -1.735497738274635778e-03 -1.191635324793733491e-04
5.044048900153371706e-01 -2.337546572139130863e-01 -1.274110868802927898e-01 -6.218799995352944365e-02 -2.589564001128548398e-02 -8.402858351118362712e-03 -1.735341895170618674e-03 -1.191275066709787320e-04
4.997344743670470435e-01 -2.343460814008639925e-01 -1.276181657495817356e-01 -6.224965994625719645e-02 -2.591064196106335205e-02 -8.405807641213867976e-03 -1.735838305597513405e-03 -1.191818551404431534e-04
4.951497544187254962e-01 -2.348785389059990791e-01 -1.277979682812002693e-01 -6.229915188212933885e-02 -2.592045008308316301e-02 -8.406756697682572776e-03 -1.735747430847770813e-03 -1.191567168078005437e-04
4.906483930149188599e-01 -2.353854812251529594e-01 -1.279715248270125727e-01 -6.234865837968606161e-02 -2.593134711974911383e-02 -8.408402862102572206e-03 -1.735898032306892880e-03 -1.191655472936544759e-04
4.862281372219916520e-01 -2.358572888885621666e-01 -1.281319787264997290e-01 -6.239390589753635030e-02 -2.594103654348686033e-02 -8.409738611054149923e-03 -1.735977726346110521e-03 -1.191654843535128790e-04
4.818868145682239645e-01 -2.363002843525865426e-01 -1.282825460895615777e-01 -6.243643027289115521e-02 -2.595020513541249074e-02 -8.411037985631711345e-03 -1.736068606427427705e-03 -1.191677033460020923e-04
4.776223294835493793e-01 -2.367136833468459489e-01 -1.284220304384353639e-01 -6.247527210596770519e-02 -2.595828086509749388e-02 -8.412037780071789095e-03 -1.736087332780356096e-03 -1.191606993821067977e-04
4.734326599266761026e-01 -2.371026738964010505e-01 -1.285534889934945857e-01 -6.251209530387114022e-02 -2.596608439892408859e-02 -8.413082635694117684e-03 -1.736139136329381202e-03 -1.191588726561432156e-04
4.693158541881833345e-01 -2.374706468701781592e-01 -1.286788617471305018e-01 -6.254799458975757176e-02 -2.597416917699851835e-02 -8.414405258941902443e-03 -1.736294663354789707e-03 -1.191718487647872146e-04
4.652700278589747551e-01 -2.378165445794304667e-01 -1.287968830787580288e-01 -6.258195599457000435e-02 -2.598192607229002360e-02 -8.415727730353012026e-03 -1.736466750992369731e-03 -1.191876510872072833e-04
4.612933609541972624e-01 -2.381362404670364086e-01 -1.289039470966921730e-01 -6.261155760802905590e-02 -2.598801427280574700e-02 -8.416455017958027196e-03 -1.736470178774353335e-03 -1.191808322550854662e-04
4.573840951833989532e-01 -2.384390537756246875e-01 -1.290056379503609074e-01 -6.263987266559492562e-02 -2.599395811005125734e-02 -8.417227273560382028e-03 -1.736499966335834991e-03 -1.191780404423142142e-04
4.535405313583283915e-01 -2.387219091409025773e-01 -1.291002064842220465e-01 -6.266598155123026537e-02 -2.599932444222374794e-02 -8.417870440258976017e-03 -1.736504191325217647e-03 -1.191722209082513983e-04
4.497610269303423669e-01 -2.389820485646265702e-01 -1.291858960347728180e-01 -6.268887736991619886e-02 -2.600358842373326484e-02 -8.418153982274183267e-03 -1.736411155194075677e-03 -1.191535242820348757e-04
4.460439936499261959e-01 -2.392357419941180119e-01 -1.292719917790607354e-01 -6.271358759305213637e-02 -2.600924099628904029e-02 -8.419127878622943706e-03 -1.736541267391364558e-03 -1.191657385630140930e-04
4.423878953413203363e-01 -2.394759750363995021e-01 -1.293531969988682695e-01 -6.273670730796271355e-02 -2.601443363235500517e-02 -8.419979010543372777e-03 -1.736642301367385087e-03 -1.191742586924627364e-04
4.387912457856998349e-01 -2.396982962726015298e-01 -1.294268757266024972e-01 -6.275677197106654948e-02 -2.601841475523090919e-02 -8.420384691772087038e-03 -1.736615441404739746e-03 -1.191655791654771618e-04
4.352526067067828963e-01 -2.399088456646203404e-01 -1.294976047244575934e-01 -6.277665790236003351e-02 -2.602274049241713738e-02 -8.421028431717426238e-03 -1.736672011328551680e-03 -1.191686510537187573e-04
4.317705858531286633e-01 -2.401014384394071222e-01 -1.295610725934804863e-01 -6.279375712947549149e-02 -2.602603934690660148e-02 -8.421317625193144862e-03 -1.736629969530236427e-03 -1.191585643330197813e-04
4.283438351717545611e-01 -2.402969616985546342e-01 -1.296291331635445188e-01 -6.281451588918893214e-02 -2.603151009277510780e-02 -8.422594968896071274e-03 -1.736897680591738616e-03 -1.191910839509754754e-04
4.249710490680400077e-01 -2.404781076503770265e-01 -1.296902786346836312e-01 -6.283193822724142397e-02 -2.603544304918540414e-02 -8.423253069441201391e-03 -1.736980392119079342e-03 -1.191984624478101816e-04
4.216509627471959343e-01 -2.406378318543201944e-01 -1.297410133508024033e-01 -6.284439281483053530e-02 -2.603711402966863570e-02 -8.422999265922756496e-03 -1.736789650666200040e-03 -1.191686337727425739e-04
4.183823506328765429e-01 -2.407898256082453559e-01 -1.297907419106153482e-01 -6.285762619515247729e-02 -2.603958184818559035e-02 -8.423169803605686651e-03 -1.736738731520207513e-03 -1.191582448312671441e-04
4.151640248587775694e-01 -2.409411709643208832e-01 -1.298429099449789903e-01 -6.287325465937182445e-02 -2.604355558998774911e-02 -8.424042020686584031e-03 -1.736909851603598426e-03 -1.191784600274643671e-04
