1.587391859754149426e+00 -2.460029663059540017e-01 -9.750055184413529419e-02 -9.386419219774757433e-03 1.085067295473224856e-02 5.768305130587155286e-03 1.561842162663531867e-03 1.202500784943974737e-04
1.542037806618316687e+00 -2.581131739255642654e-01 -9.661964852479423826e-02 -5.396486428002104062e-03 1.037248355381194774e-02 5.750492003844052090e-03 1.561628592036873537e-03 1.202500784943974737e-04
1.499203423101140853e+00 -2.620705714963126320e-01 -9.124146234588617621e-02 -1.097566440182129368e-03 9.917796313620049625e-03 5.724237525271655240e-03 1.561237973356441279e-03 1.202500784943974737e-04
1.458684411665974956e+00 -2.586745780562193509e-01 -8.229281516883807379e-02 2.586992623965225172e-03 9.701355106488153413e-03 5.705759509446565146e-03 1.560967130580435264e-03 1.202500784943974737e-04
1.420297979780028363e+00 -2.515776454125542294e-01 -7.185769662230227783e-02 4.890421807218101220e-03 9.685277840148340603e-03 5.698251460406603998e-03 1.560832787963954563e-03 1.202500784943974737e-04
1.383880082862591676e+00 -2.431371252133826821e-01 -6.139475792731920872e-02 5.630520514547196487e-03 9.720663228068119124e-03 5.696793246266290689e-03 1.560783420608615694e-03 1.202500784943974737e-04
1.349283080791026990e+00 -2.333947595905762618e-01 -5.161652679212336975e-02 5.138596749958745762e-03 9.698944451049885951e-03 5.695365953637539572e-03 1.560765478754832201e-03 1.202500784943974737e-04
1.316373737357099616e+00 -2.215137494444152921e-01 -4.317052008749653474e-02 4.014579048432961525e-03 9.589594633233732707e-03 5.689634953592882446e-03 1.560645669474547892e-03 1.202500784943974737e-04
1.285031505515263905e+00 -2.067963362408763439e-01 -3.673178400799271409e-02 2.874170363015242976e-03 9.430616254991683323e-03 5.680409999534510694e-03 1.560434598401720619e-03 1.202500784943974737e-04
1.255147051898629629e+00 -1.895765921122012088e-01 -3.280079426538489579e-02 2.057312431186733830e-03 9.278644387015496861e-03 5.671348747906028442e-03 1.560256131745215748e-03 1.202500784943974737e-04
1.226620982537297122e+00 -1.714562164600049177e-01 -3.145085728677507464e-02 1.535749226953522697e-03 9.160087439087596928e-03 5.664348290920395886e-03 1.560154322665292066e-03 1.202500784943974737e-04
1.199362738480912904e+00 -1.546708543397634916e-01 -3.221644864852524215e-02 1.097562578095991493e-03 9.065074093204828626e-03 5.658509735789931522e-03 1.560060833074145307e-03 1.202500784943974737e-04
1.173289635470458281e+00 -1.412162126575203791e-01 -3.423799260589688309e-02 5.844359122619040498e-04 8.974771639587503930e-03 5.652531296257547709e-03 1.559922970434002515e-03 1.202500784943974737e-04
1.148326026205129358e+00 -1.322664976528616365e-01 -3.662064198477328614e-02 -1.610336581848704918e-05 8.884002185652850950e-03 5.646660559996168754e-03 1.559788569630375307e-03 1.202500784943974737e-04
1.124402567325855751e+00 -1.280868871306349577e-01 -3.884771173233955710e-02 -6.487487724145406297e-04 8.794342237922881181e-03 5.641172287068571024e-03 1.559684243228119487e-03 1.202500784943974737e-04
1.101455576155940363e+00 -1.280348431795737818e-01 -4.084224236696248206e-02 -1.267781144803910342e-03 8.707000905338969921e-03 5.635782245300284196e-03 1.559583463130657108e-03 1.202500784943974737e-04
1.079426464632821547e+00 -1.307636311396253304e-01 -4.270783796424045681e-02 -1.845389361650819982e-03 8.625802722414380175e-03 5.630757290636006704e-03 1.559494990456422852e-03 1.202500784943974737e-04
1.058261239836099543e+00 -1.348998717570701888e-01 -4.456622829345270598e-02 -2.384938287300171142e-03 8.550891175141774048e-03 5.626057488249311053e-03 1.559412658751829382e-03 1.202500784943974737e-04
1.037910062146943924e+00 -1.394917829617768057e-01 -4.645936755293325615e-02 -2.898049263056806137e-03 8.480841210241236994e-03 5.621553263865691936e-03 1.559328731365721039e-03 1.202500784943974737e-04
1.018326853427190093e+00 -1.440777981685393283e-01 -4.834658813645350411e-02 -3.384308207177490375e-03 8.416179712141300118e-03 5.617428613395565942e-03 1.559256875090579177e-03 1.202500784943974737e-04
9.994689487340940870e-01 -1.485734606834556437e-01 -5.018651755363309763e-02 -3.842926504247291906e-03 8.356426922497453558e-03 5.613635915087451626e-03 1.559194017920171498e-03 1.202500784943974737e-04
9.812967860298377198e-01 -1.530095721755015958e-01 -5.195257227293336583e-02 -4.271441293206474678e-03 8.301431561263084360e-03 5.610143164738462182e-03 1.559137087027697485e-03 1.202500784943974737e-04
9.637736291364479291e-01 -1.573974790947335056e-01 -5.363280771404278779e-02 -4.668002147383270607e-03 8.251227349514143189e-03 5.606948378834709749e-03 1.559084851000579978e-03 1.202500784943974737e-04
9.468653198533522053e-01 -1.616749431177502694e-01 -5.520495089237587027e-02 -5.025792269516326204e-03 8.207469750047581558e-03 5.604321884310029499e-03 1.559054279192696561e-03 1.202500784943974737e-04
9.305400557179495102e-01 -1.657389409418863757e-01 -5.663450285659478445e-02 -5.334014701592325672e-03 8.172936391643894835e-03 5.602715233734159930e-03 1.559074326996231228e-03 1.202500784943974737e-04
9.147681903667979064e-01 -1.697513894944837343e-01 -5.801017706881156366e-02 -5.628684445326367913e-03 8.137827217453333373e-03 5.600547589184706222e-03 1.559039859720319585e-03 1.202500784943974737e-04
8.995220538606847338e-01 -1.734843645740411222e-01 -5.922975291224173017e-02 -5.873397310037253502e-03 8.111751578383522010e-03 5.599355402687237158e-03 1.559050927428888003e-03 1.202500784943974737e-04
8.847757906826406726e-01 -1.771032593420542589e-01 -6.037045567673997998e-02 -6.098711597069764873e-03 8.086391029480315823e-03 5.597780325867668036e-03 1.559016519954470412e-03 1.202500784943974737e-04
8.705052134135657926e-01 -1.804490440957166875e-01 -6.132987406741498282e-02 -6.265717514613661221e-03 8.072044653686044971e-03 5.597448753528148392e-03 1.559041763901295894e-03 1.202500784943974737e-04
8.566876703435091223e-01 -1.837656743836059980e-01 -6.212911342881182603e-02 -6.374148835199181136e-03 8.069236737098270038e-03 5.598433097846655139e-03 1.559129535198768143e-03 1.202500784943974737e-04
8.433019254943918686e-01 -1.878398022383259980e-01 -6.294529822813262065e-02 -6.462407323278608617e-03 8.070092767710502005e-03 5.599554224413443200e-03 1.559201940795993703e-03 1.202500784943974737e-04
8.303280497175551389e-01 -1.933413610216126732e-01 -6.396588060801020048e-02 -6.546786499985130306e-03 8.076375951462841027e-03 5.601410648989393719e-03 1.559302182011369341e-03 1.202500784943974737e-04
8.177473216915315257e-01 -1.993073440700910137e-01 -6.545739109525826327e-02 -6.695869221025291078e-03 8.078835605345289009e-03 5.603112434504603674e-03 1.559380180141122039e-03 1.202500784943974737e-04
8.055421377856877285e-01 -1.985108238234353784e-01 -6.675118872961241512e-02 -6.867677559602432084e-03 8.085001607402070994e-03 5.606040667944510968e-03 1.559524840785178742e-03 1.202500784943974737e-04
7.936959298770747129e-01 -1.794860291083867909e-01 -6.501004526840144238e-02 -6.744338645453101452e-03 8.119227546668651013e-03 5.611259896720973903e-03 1.559738625032958083e-03 1.202500784943974737e-04
7.821930903136388169e-01 -1.417019468468229959e-01 -5.615198749246744225e-02 -5.478756257497816896e-03 8.266486275583679114e-03 5.623039143830684157e-03 1.560086864577702424e-03 1.202500784943974737e-04
7.710189033091583433e-01 -1.009270291985704254e-01 -4.121661669155361751e-02 -2.498023367264826881e-03 8.621546075685781324e-03 5.646142215227954210e-03 1.560606752903602717e-03 1.202500784943974737e-04
7.601594821357898768e-01 -7.252819209882084561e-02 -2.737027965825903839e-02 1.156261932235297645e-03 9.123732854023243466e-03 5.678632949638238135e-03 1.561306329813823756e-03 1.202500784943974737e-04
7.496017115505704265e-01 -6.329759061341869164e-02 -2.076767221577096104e-02 3.445401455017719529e-03 9.489570565110067371e-03 5.702543740780353747e-03 1.561816697438448299e-03 1.202500784943974737e-04
7.393331949539874159e-01 -7.402226294586863875e-02 -2.317954448027384137e-02 3.238965549894956292e-03 9.485322815133447744e-03 5.701707790756991440e-03 1.561926440178403649e-03 1.202500784943974737e-04
7.293422058329875890e-01 -1.022522615831722298e-01 -3.347926513012955407e-02 6.529654923769898003e-04 9.086163637087417075e-03 5.672372519784970452e-03 1.561470246502277273e-03 1.202500784943974737e-04
7.196176430885476982e-01 -1.414291553530326873e-01 -4.829938772661582919e-02 -3.218692890720496920e-03 8.485291404102198592e-03 5.630072679173220990e-03 1.560815181516399469e-03 1.202500784943974737e-04
7.101489898900141817e-01 -1.839118113351287387e-01 -6.406415178387438181e-02 -7.255921997669992872e-03 7.872626353973729424e-03 5.587489928826119487e-03 1.560082380464083811e-03 1.202500784943974737e-04
7.009262757355984030e-01 -2.241044336551117067e-01 -7.841364049035287609e-02 -1.078415637310884724e-02 7.357604947276991450e-03 5.552882425464361962e-03 1.559506779760762686e-03 1.202500784943974737e-04
6.919400414312958381e-01 -2.604901382627883843e-01 -9.089112051287143168e-02 -1.373685447061908510e-02 6.938085735500561582e-03 5.524712578339855372e-03 1.558993171834995072e-03 1.202500784943974737e-04
6.831813067296339526e-01 -2.930479363800858050e-01 -1.016226196506082730e-01 -1.618099254679507965e-02 6.601931898741170146e-03 5.502806830375155632e-03 1.558621331439911592e-03 1.202500784943974737e-04
6.746415403955134948e-01 -3.226841947355134632e-01 -1.110715605001981326e-01 -1.827086896030651053e-02 6.320109804416162123e-03 5.484527628811088594e-03 1.558301873784283210e-03 1.202500784943974737e-04
6.663126324893959840e-01 -3.500460167417134283e-01 -1.195424209824362122e-01 -2.009721065647742527e-02 6.078273747297877581e-03 5.468997741587513367e-03 1.558032020081612798e-03 1.202500784943974737e-04
6.581868686785496969e-01 -3.757516079109859963e-01 -1.273064113928893126e-01 -2.173931094965298252e-02 5.862807857287041964e-03 5.455024316950716698e-03 1.557770137732400560e-03 1.202500784943974737e-04
6.502569064053141945e-01 -4.000484938840023763e-01 -1.344676971730248138e-01 -2.322229876075854529e-02 5.671583902703977546e-03 5.442849750994232551e-03 1.557553205186635193e-03 1.202500784943974737e-04
6.425157527576319527e-01 -4.233084145303300239e-01 -1.411795031678151624e-01 -2.458956091163409102e-02 5.496951217459419316e-03 5.431716856568324578e-03 1.557348258632870394e-03 1.202500784943974737e-04
6.349567439016597925e-01 -4.457071361768770168e-01 -1.475113983439476639e-01 -2.585845455793952044e-02 5.336733479342373708e-03 5.421568029851957585e-03 1.557161768762555182e-03 1.202500784943974737e-04
6.275735259493148144e-01 -4.673911334839231935e-01 -1.535225697036342596e-01 -2.704450266473977169e-02 5.188628829329668124e-03 5.412249878368113540e-03 1.556991246443290011e-03 1.202500784943974737e-04
6.203600371452997475e-01 -4.883850971606181202e-01 -1.592250088201044578e-01 -2.814945073680911319e-02 5.053140814325718204e-03 5.403964346764658470e-03 1.556854244563788152e-03 1.202500784943974737e-04
6.133104912686485610e-01 -5.088718802800688001e-01 -1.646964837673279003e-01 -2.919700840234328021e-02 4.925370991915836022e-03 5.396090522301922286e-03 1.556715889668640372e-03 1.202500784943974737e-04
6.064193621532705247e-01 -5.288526636555372917e-01 -1.699443400432935902e-01 -3.018932445314392518e-02 4.805227933593740099e-03 5.388681913875639426e-03 1.556582244964200331e-03 1.202500784943974737e-04
5.996813692404564522e-01 -5.484153855586723081e-01 -1.750122785514922619e-01 -3.114057540139699917e-02 4.689703062285376436e-03 5.381352784769572947e-03 1.556431575912787125e-03 1.202500784943974737e-04
5.930914640839678453e-01 -5.672115561115969040e-01 -1.797768992598094695e-01 -3.201374950280840709e-02 4.587350205222404630e-03 5.375365942256296430e-03 1.556343299705722659e-03 1.202500784943974737e-04
5.866448177352291404e-01 -5.855425824104267818e-01 -1.843681002736811125e-01 -3.285049002214014691e-02 4.488721902693709916e-03 5.369389668618818751e-03 1.556236609047511113e-03 1.202500784943974737e-04
5.803368089423771581e-01 -6.034778934819566842e-01 -1.888243342672500935e-01 -3.366374303239148130e-02 4.390964365508158267e-03 5.363042240716967349e-03 1.556089296953875201e-03 1.202500784943974737e-04
5.741630131025646788e-01 -6.205622685260814286e-01 -1.929856163474460706e-01 -3.440617243439874490e-02 4.304779854797701269e-03 5.357870979771349809e-03 1.555997418474256051e-03 1.202500784943974737e-04
5.681191919120113232e-01 -6.367515258489940821e-01 -1.968491378413316228e-01 -3.507853223705285212e-02 4.229976038095140632e-03 5.353862578129944122e-03 1.555960946254068920e-03 1.202500784943974737e-04
5.622012836629278754e-01 -6.524997198676611987e-01 -2.005955196223584702e-01 -3.573614954936736587e-02 4.154235982424626938e-03 5.349287936148405635e-03 1.555874886061657482e-03 1.202500784943974737e-04
5.564053941406297277e-01 -6.676485562957922282e-01 -2.041736767336139180e-01 -3.636403292183998381e-02 4.081043086211973668e-03 5.344665600508046246e-03 1.555772022180578092e-03 1.202500784943974737e-04
5.507277880779701817e-01 -6.818271911117027573e-01 -2.074545152483194543e-01 -3.692409117379608086e-02 4.018971961402096477e-03 5.341228694806507415e-03 1.555728612217241024e-03 1.202500784943974737e-04
5.451648811276876838e-01 -6.955118100993736840e-01 -2.106189130621854144e-01 -3.747016498398732243e-02 3.956219598330436814e-03 5.337331790382410408e-03 1.555645005154247936e-03 1.202500784943974737e-04
5.397132323164107737e-01 -7.082820733905429433e-01 -2.135175467201314292e-01 -3.795787592757620538e-02 3.902760488551166012e-03 5.334403233522783290e-03 1.555609238339088164e-03 1.202500784943974737e-04
5.343695369469413370e-01 -7.205064093160906680e-01 -2.162873583185616899e-01 -3.842727101071437279e-02 3.849925382261564551e-03 5.331243841959453812e-03 1.555548976308078566e-03 1.202500784943974737e-04
5.291306199180497716e-01 -7.319296647188486826e-01 -2.188377464644032377e-01 -3.885120543800508336e-02 3.803866556881909007e-03 5.328739716587378716e-03 1.555519000629471300e-03 1.202500784943974737e-04
5.239934294334085418e-01 -7.428059276562901658e-01 -2.212609001804356490e-01 -3.925605681220731280e-02 3.758969841611206966e-03 5.326122964511030913e-03 1.555473270899149392e-03 1.202500784943974737e-04
5.189550310734719618e-01 -7.531008266457031031e-01 -2.235440563746310672e-01 -3.963732684615441093e-02 3.716408970824192342e-03 5.323578417729383887e-03 1.555423746670375057e-03 1.202500784943974737e-04
5.140126022061054512e-01 -7.627337911310539953e-01 -2.256577607289921295e-01 -3.998570152723409515e-02 3.678393416928134665e-03 5.321433737122329734e-03 1.555390991708834655e-03 1.202500784943974737e-04
5.091634267135950465e-01 -7.718362477996612014e-01 -2.276475094515772457e-01 -4.031361931609703936e-02 3.642374336272583436e-03 5.319349479165791372e-03 1.555354955536214284e-03 1.202500784943974737e-04
5.044048900153371706e-01 -7.804070677390254618e-01 -2.295111725515323053e-01 -4.061966054092196882e-02 3.608824498918549329e-03 5.317408052913801843e-03 1.555321197201129041e-03 1.202500784943974737e-04
4.997344743670470435e-01 -7.884744243680809062e-01 -2.312567500711561752e-01 -4.090535180765828005e-02 3.577565079449346840e-03 5.315599552373184364e-03 1.555289618852937709e-03 1.202500784943974737e-04
4.951497544187254962e-01 -7.960677678430483351e-01 -2.328924737802382794e-01 -4.117229855407394251e-02 3.548391922991583035e-03 5.313909459171262985e-03 1.555259802081733304e-03 1.202500784943974737e-04
4.906483930149188599e-01 -8.032071512282781267e-01 -2.344231426698203113e-01 -4.142114053281809039e-02 3.521301734838045566e-03 5.312350203834307477e-03 1.555232925342676540e-03 1.202500784943974737e-04
4.862281372219916520e-01 -8.100925841658925819e-01 -2.359161923716748821e-01 -4.167048105281256909e-02 3.492395432901074497e-03 5.310391066760465455e-03 1.555177197778514738e-03 1.202500784943974737e-04
4.818868145682239645e-01 -8.162844180960308060e-01 -2.372161072690966155e-01 -4.187511192297516810e-02 3.471573364649622497e-03 5.309420735714707497e-03 1.555177176271037298e-03 1.202500784943974737e-04
