3.270989286766126103e+00 4.773365710737556555e-02 3.861771219469746497e-02 2.806168761634783224e-02 1.726931029476874713e-02 7.491652461251998088e-03 1.399704529162926680e-03 1.202500784943974873e-04
3.082278366375772904e+00 5.093090150721349407e-02 4.093503201553762294e-02 2.937212714696159702e-02 1.763565156357520952e-02 7.249821385703182977e-03 1.444281978394978050e-03 1.202500784943974737e-04
2.914154091846184791e+00 5.278947264264271383e-02 4.215239062896481564e-02 2.983904337486270944e-02 1.743065446694551379e-02 6.777934561740367111e-03 1.499721381498873591e-03 1.202500784943974873e-04
2.763421983647244229e+00 5.377592348480943196e-02 4.263458024862918500e-02 2.972233801987378410e-02 1.683168446825199227e-02 6.230837657233096426e-03 1.539874438309138871e-03 1.202500784943974873e-04
2.627515984451477937e+00 5.465203051398614953e-02 4.299142829876535787e-02 2.947457883458080505e-02 1.616021734289580652e-02 5.834082089020884397e-03 1.554975527444348070e-03 1.202500784943974873e-04
2.504351172680315152e+00 5.561357457781659908e-02 4.340449248353986378e-02 2.926373367313477025e-02 1.557987722019967339e-02 5.684373474144463652e-03 1.554917754089786552e-03 1.202500784943974602e-04
2.392216045545375813e+00 5.635361370436595824e-02 4.366159358394094969e-02 2.897935737018524083e-02 1.508098603716609594e-02 5.730992662350921363e-03 1.554648725500284035e-03 1.202500784943974602e-04
2.289692500736288494e+00 5.655279551237808039e-02 4.353242728062415440e-02 2.849230567639879017e-02 1.463630128823152805e-02 5.875413261300413068e-03 1.560278853140813216e-03 1.202500784943974737e-04
2.195595548651235074e+00 5.612075580472532244e-02 4.295890972299527127e-02 2.779556613886315780e-02 1.428189242443535407e-02 6.030280925056914591e-03 1.569534753592792152e-03 1.202500784943974737e-04
2.108927303309739099e+00 5.520692828247598938e-02 4.206388962224642813e-02 2.701410255030423091e-02 1.409486520448042200e-02 6.144618957221301483e-03 1.578021764850181868e-03 1.202500784943974737e-04
2.028841456348609906e+00 5.404065706394740182e-02 4.102565618448705126e-02 2.631667584849833874e-02 1.411101711024699730e-02 6.214192754997260350e-03 1.583594311209497642e-03 1.202500784943974737e-04
1.954615549409026487e+00 5.279952793032621772e-02 3.996549086648929633e-02 2.582401834045968889e-02 1.428102714432698261e-02 6.262476237571712630e-03 1.586880943099967843e-03 1.202500784943974737e-04
1.885629118253413949e+00 5.163469576803025179e-02 3.894722735854731777e-02 2.557683622620407146e-02 1.450821984327816706e-02 6.307806990787768672e-03 1.589333231566055675e-03 1.202500784943974737e-04
1.821346307403865383e+00 5.076362600991002338e-02 3.803785021466667832e-02 2.553372175431806515e-02 1.471060344824630731e-02 6.351809555042486725e-03 1.591635721627683055e-03 1.202500784943974737e-04
1.761301923643298739e+00 5.048976741474910795e-02 3.735988069326921790e-02 2.557689692267876500e-02 1.484879201911743635e-02 6.387620013109781593e-03 1.593606523790886548e-03 1.202500784943974737e-04
1.705090160122767706e+00 5.111272720722773860e-02 3.711830519946734269e-02 2.557226022056365705e-02 1.491007470095120566e-02 6.408325623945045242e-03 1.594737348225510210e-03 1.202500784943974737e-04
1.652355412902476006e+00 5.281615976007660723e-02 3.755438230286489709e-02 2.551687042250219001e-02 1.488823193657021551e-02 6.408462979580682381e-03 1.594479615145216224e-03 1.202500784943974737e-04
1.602784750515401813e+00 5.564001464465935520e-02 3.882249962922304509e-02 2.563837951030497816e-02 1.481343128947146433e-02 6.385981955818889090e-03 1.592392190215160229e-03 1.202500784943974737e-04
1.556101699529516047e+00 5.952014479620048454e-02 4.093756114396812640e-02 2.623716414392650645e-02 1.481078791451553162e-02 6.355258614008973787e-03 1.588999027299499043e-03 1.202500784943974737e-04
1.512061085391888549e+00 6.431657988244963986e-02 4.380691234865588535e-02 2.743892454102971057e-02 1.504947240995939926e-02 6.358567977267129932e-03 1.587235900174949546e-03 1.202500784943974737e-04
1.470444725243487794e+00 6.983552291499399434e-02 4.726421106518582244e-02 2.916099715884649946e-02 1.559705319067920294e-02 6.440525276950892671e-03 1.591672446637586863e-03 1.202500784943974737e-04
1.431057812960180087e+00 7.586936159558260728e-02 5.110705358973380991e-02 3.122117903981502102e-02 1.638652075841738609e-02 6.606585632168247325e-03 1.604403445389829090e-03 1.202500784943974737e-04
1.393725870013392765e+00 8.223315622015872628e-02 5.513432377264518985e-02 3.342271021972419154e-02 1.728894336642597396e-02 6.821338758312547011e-03 1.622673811290567102e-03 1.202500784943974737e-04
1.358292161453730218e+00 8.879842825501606252e-02 5.918578033895303264e-02 3.560365089874426708e-02 1.818342166703687535e-02 7.038827720989722890e-03 1.641480819244000612e-03 1.202500784943974737e-04
1.324615496293720440e+00 9.552019053944717231e-02 6.318200598660020373e-02 3.767536513787601155e-02 1.900010540988330068e-02 7.230377303749464454e-03 1.657554564423316997e-03 1.202500784943974737e-04
1.292568347189840150e+00 1.024144842378754972e-01 6.711981625779579741e-02 3.962365544868489547e-02 1.972510081113764205e-02 7.390349062249756615e-03 1.670358874207202547e-03 1.202500784943974737e-04
1.262035236626300572e+00 1.094989817493688122e-01 7.102055272976894040e-02 4.146784788090213808e-02 2.037234752418710937e-02 7.524534735216005521e-03 1.680619340661013454e-03 1.202500784943974737e-04
1.232911346550308984e+00 1.167598939933186530e-01 7.489096708692341564e-02 4.322535198020300423e-02 2.095806664077907305e-02 7.639673582575451892e-03 1.689098738886011175e-03 1.202500784943974737e-04
1.205101316176993897e+00 1.241507143794259999e-01 7.871475100706834538e-02 4.490094606418872786e-02 2.149231987523654921e-02 7.740259464906841524e-03 1.696287815863282847e-03 1.202500784943974737e-04
1.178518198908383718e+00 1.316086913376087464e-01 8.246387323518011847e-02 4.649189806074742470e-02 2.198055750921143470e-02 7.828978432737816393e-03 1.702478762431692974e-03 1.202500784943974737e-04
1.153082554327627074e+00 1.390471153869878018e-01 8.609491035076809184e-02 4.798694677745922454e-02 2.242406163514204173e-02 7.907223788689155333e-03 1.707828911358997811e-03 1.202500784943974737e-04
1.128721655292536319e+00 1.463887688295663903e-01 8.957473706075670672e-02 4.937974157814493947e-02 2.282481605906246103e-02 7.976140435672973011e-03 1.712462829790912947e-03 1.202500784943974737e-04
1.105368793458897825e+00 1.535432629771983082e-01 9.286550254959236028e-02 5.066171516045622075e-02 2.318355346159636440e-02 8.036485839634135986e-03 1.716460533490695144e-03 1.202500784943974737e-04
1.082962669267163447e+00 1.604325970614098318e-01 9.594210247649130607e-02 5.183028420258484897e-02 2.350237954570873200e-02 8.089093976417178339e-03 1.719900887085296830e-03 1.202500784943974737e-04
1.061446854645961446e+00 1.669770850732500145e-01 9.878198108508733088e-02 5.288389000331267936e-02 2.378335251696415964e-02 8.134706200988023328e-03 1.722848471158333400e-03 1.202500784943974737e-04
1.040769318516494568e+00 1.731826926246563536e-01 1.014147151918121381e-01 5.384160569877020908e-02 2.403354343447376695e-02 8.174639283948136742e-03 1.725410585504914872e-03 1.202500784943974737e-04
1.020882006697708011e+00 1.789106264339702657e-01 1.037851635463222788e-01 5.468749048231077992e-02 2.425059746740791319e-02 8.208921797524316652e-03 1.727585408580925184e-03 1.202500784943974737e-04
1.001740469072126105e+00 1.842158077823357332e-01 1.059478922695994696e-01 5.544818899345285018e-02 2.444270467476753958e-02 8.238875070963153427e-03 1.729475321864195085e-03 1.202500784943974737e-04
9.833035279235594617e-01 1.890909482836661826e-01 1.079164586139161885e-01 5.613235617478481293e-02 2.461303729987686026e-02 8.265116004227700958e-03 1.731123926369477865e-03 1.202500784943974737e-04
9.655329822381938376e-01 1.934461769788752561e-01 1.096596212136697474e-01 5.673236795432730351e-02 2.476081120324752360e-02 8.287745346666102950e-03 1.732534280677409467e-03 1.202500784943974737e-04
9.483933435002376289e-01 1.972724666407398852e-01 1.111832525643972336e-01 5.725409562008196285e-02 2.488834981837560051e-02 8.307214314426486848e-03 1.733737726792891664e-03 1.202500784943974737e-04
9.318515991368613305e-01 2.008366834024389869e-01 1.125805416121615221e-01 5.773110293689476258e-02 2.500383393739940424e-02 8.324623297535638233e-03 1.734815636828209969e-03 1.202500784943974737e-04
9.158770002945152422e-01 2.046374404728675267e-01 1.137922095538295153e-01 5.814547995023217064e-02 2.510379494149662591e-02 8.339671921324117582e-03 1.735741003007759686e-03 1.202500784943974737e-04
