1.587391859754149426e+00 -4.849041074870880097e-02 -4.849041179780762961e-02 -2.170692053619525941e-02 -7.844412421204725872e-03 -1.715591149546140696e-03 -1.715591189598706127e-03 -1.215334167103227999e-04
1.542037806618316687e+00 -4.716879912508452344e-02 -4.716880084932361522e-02 -2.193128327761913535e-02 -7.877640519515840059e-03 -1.717223733980723999e-03 -1.717223773732399908e-03 -1.215419044674792998e-04
1.499203423101140853e+00 -4.641251250771259024e-02 -4.641251501025119020e-02 -2.206129151644846756e-02 -7.900080678730348263e-03 -1.718406127519286376e-03 -1.718406167054386613e-03 -1.215451656222392603e-04
1.458684411665974956e+00 -4.620791505318736642e-02 -4.620791817457445966e-02 -2.213574629020643308e-02 -7.912352339273120982e-03 -1.719022511927149281e-03 -1.719022551350418400e-03 -1.215415535274322713e-04
1.420297979780028363e+00 -4.641648952544948081e-02 -4.641649294007062221e-02 -2.220706794816336427e-02 -7.920404693164307883e-03 -1.719379081841313286e-03 -1.719379121201045340e-03 -1.215360492383532186e-04
1.383880082862591676e+00 -4.684645930122037505e-02 -4.684646273358752944e-02 -2.230178431326739624e-02 -7.929515263754575299e-03 -1.719809453231936451e-03 -1.719809492514386140e-03 -1.215330863172118451e-04
1.349283080791026990e+00 -4.732758453877478066e-02 -4.732758786099964393e-02 -2.241601753002724073e-02 -7.941311789261683296e-03 -1.720442584012349526e-03 -1.720442623180124886e-03 -1.215338461180398393e-04
1.316373737357099616e+00 -4.775750780229430503e-02 -4.775751099697472107e-02 -2.253236586706373543e-02 -7.954530039902402150e-03 -1.721218484331462576e-03 -1.721218523358637080e-03 -1.215381348654129870e-04
1.285031505515263905e+00 -4.811131701275503381e-02 -4.811132010102625589e-02 -2.263674346383963767e-02 -7.967223791722693321e-03 -1.722005856129136311e-03 -1.722005895013532665e-03 -1.215440420205698312e-04
1.255147051898629629e+00 -4.841513618968215638e-02 -4.841513918469229905e-02 -2.272540537384917098e-02 -7.978375005255866279e-03 -1.722717498343963663e-03 -1.722717537099636596e-03 -1.215495690021053726e-04
1.226620982537297122e+00 -4.870450444776840138e-02 -4.870450734371581381e-02 -2.280243171222692128e-02 -7.988140921154894894e-03 -1.723349643123665105e-03 -1.723349681765149865e-03 -1.215546585650255471e-04
1.199362738480912904e+00 -4.899719475888476838e-02 -4.899719754166093066e-02 -2.287344285283873443e-02 -7.997188223568364035e-03 -1.723945015316978970e-03 -1.723945053851160241e-03 -1.215607584635138998e-04
1.173289635470458281e+00 -4.929089200588080560e-02 -4.929089466613379572e-02 -2.294139275313969786e-02 -8.005994670674693517e-03 -1.724537632000486395e-03 -1.724537670427788751e-03 -1.215688158437234286e-04
1.148326026205129358e+00 -4.957472680109057533e-02 -4.957472933908488311e-02 -2.300627005599052699e-02 -8.014625773430261724e-03 -1.725129510655501333e-03 -1.725129548976113208e-03 -1.215782735266270553e-04
1.124402567325855751e+00 -4.984024390077754912e-02 -4.984024632377977160e-02 -2.306696748206295972e-02 -8.022930081732927016e-03 -1.725708993417485269e-03 -1.725709031633722952e-03 -1.215886402033756797e-04
1.101455576155940363e+00 -5.008507533881109697e-02 -5.008507765658119087e-02 -2.312284072122704551e-02 -8.030772889058688038e-03 -1.726267993594758198e-03 -1.726268031710330745e-03 -1.216000626630134377e-04
1.079426464632821547e+00 -5.031076665540342580e-02 -5.031076887737070957e-02 -2.317401655968040486e-02 -8.038109288916208545e-03 -1.726802032512208792e-03 -1.726802070531642096e-03 -1.216124161192112189e-04
1.058261239836099543e+00 -5.051943485553601204e-02 -5.051943699022619361e-02 -2.322099016624860901e-02 -8.044963959710932713e-03 -1.727312383496354842e-03 -1.727312421423859946e-03 -1.216257826220573180e-04
1.037910062146943924e+00 -5.071205489541003725e-02 -5.071205695080675119e-02 -2.326416011166065195e-02 -8.051365551778209492e-03 -1.727800892167426780e-03 -1.727800930006848264e-03 -1.216402359733744068e-04
1.018326853427190093e+00 -5.088857179755878340e-02 -5.088857378155469541e-02 -2.330367677703355095e-02 -8.057312308578241586e-03 -1.728266118220190151e-03 -1.728266155975688965e-03 -1.216555744582449296e-04
9.994689487340940870e-01 -5.104866182102663075e-02 -5.104866374144191588e-02 -2.333954929678603435e-02 -8.062786861385959694e-03 -1.728706541047272949e-03 -1.728706578723189155e-03 -1.216717501592857580e-04
9.812967860298377198e-01 -5.119211710674306803e-02 -5.119211897122266652e-02 -2.337174423135442852e-02 -8.067766462789806997e-03 -1.729120204402855758e-03 -1.729120242003911057e-03 -1.216887035014369462e-04
9.637736291364479291e-01 -5.131879751340509555e-02 -5.131879932936523475e-02 -2.340021358703863255e-02 -8.072227977435045623e-03 -1.729504958166509006e-03 -1.729504995697760767e-03 -1.217063459920025891e-04
9.468653198533522053e-01 -5.142841751747568441e-02 -5.142841929215818952e-02 -2.342486089631510074e-02 -8.076140907168023741e-03 -1.729857004465357997e-03 -1.729857041932536445e-03 -1.217243778344067625e-04
9.305400557179495102e-01 -5.152041632847163127e-02 -5.152041806906389881e-02 -2.344551376026253811e-02 -8.079463806172849233e-03 -1.730171027352172142e-03 -1.730171064761980683e-03 -1.217423506228658116e-04
9.147681903667979064e-01 -5.159402965058316332e-02 -5.159403136431482684e-02 -2.346198099338707085e-02 -8.082175386548868037e-03 -1.730451152740151727e-03 -1.730451190098386506e-03 -1.217612452155334953e-04
8.995220538606847338e-01 -5.164796737658546022e-02 -5.164796907096905199e-02 -2.347387377082657892e-02 -8.084192263258864822e-03 -1.730684773761550404e-03 -1.730684811076366788e-03 -1.217798003084012156e-04
8.847757906826406726e-01 -5.168069765956371381e-02 -5.168069934252801645e-02 -2.348079402605285707e-02 -8.085460471614432446e-03 -1.730872795721547300e-03 -1.730872833000773013e-03 -1.217987994797067630e-04
8.705052134135657926e-01 -5.169001548368826193e-02 -5.169001716390623363e-02 -2.348212181454276126e-02 -8.085861026101882551e-03 -1.730999730642325280e-03 -1.730999767896689804e-03 -1.218168786669719461e-04
8.566876703435091223e-01 -5.167296984281019578e-02 -5.167297153008044985e-02 -2.347710828646548675e-02 -8.085272582699649935e-03 -1.731056046985208607e-03 -1.731056084228228690e-03 -1.218337460200635114e-04
8.433019254943918686e-01 -5.162467217654807122e-02 -5.162467388267245882e-02 -2.346464559852128040e-02 -8.083536512448866868e-03 -1.731034517357046528e-03 -1.731034554600285836e-03 -1.218499173856968186e-04
8.303280497175551389e-01 -5.153490342066018720e-02 -5.153490516177927638e-02 -2.344250217473106343e-02 -8.080315752809149460e-03 -1.730908521415566509e-03 -1.730908558677831397e-03 -1.218644584899635489e-04
8.177473216915315257e-01 -5.138244574306990997e-02 -5.138244754475771586e-02 -2.340604405967635498e-02 -8.074939117186484203e-03 -1.730634710923464404e-03 -1.730634748230874603e-03 -1.218771801614462123e-04
8.055421377856877285e-01 -5.113155535042539224e-02 -5.113155725617830188e-02 -2.334667022063452793e-02 -8.066093354867357595e-03 -1.730117873594691795e-03 -1.730117910989969858e-03 -1.218860586946864588e-04
7.936959298770747129e-01 -5.075271052357654272e-02 -5.075271259915670186e-02 -2.325436298709234947e-02 -8.052092409367300752e-03 -1.729240387886603640e-03 -1.729240425433311353e-03 -1.218900469115577684e-04
7.821930903136388169e-01 -5.029861571709982188e-02 -5.029861802114945352e-02 -2.313231870086010847e-02 -8.032770323365840889e-03 -1.727974067563767908e-03 -1.727974105331360781e-03 -1.218888667160709656e-04
7.710189033091583433e-01 -4.998709681694382678e-02 -4.998709930230311321e-02 -2.302296070050756718e-02 -8.013582508427256890e-03 -1.726660633247814949e-03 -1.726660671246684842e-03 -1.218860660082667422e-04
7.601594821357898768e-01 -5.010338123072152067e-02 -5.010338366715175185e-02 -2.300642583640507763e-02 -8.007051183542798420e-03 -1.726142899970155211e-03 -1.726142938060512685e-03 -1.218884880782380049e-04
7.496017115505704265e-01 -5.075385976724595266e-02 -5.075386187676875216e-02 -2.314021824777874256e-02 -8.024773300523469627e-03 -1.727285840955547665e-03 -1.727285878842827783e-03 -1.219044406416229791e-04
7.393331949539874159e-01 -5.179652609794092172e-02 -5.179652776256111341e-02 -2.340550183100713680e-02 -8.066159702998704217e-03 -1.730118598355038367e-03 -1.730118635744025022e-03 -1.219329165558120795e-04
7.293422058329875890e-01 -5.297905184458433225e-02 -5.297905311544395812e-02 -2.372732537966604563e-02 -8.118763798915523341e-03 -1.733780270695103138e-03 -1.733780307449963795e-03 -1.219678255107662507e-04
7.196176430885476982e-01 -5.409197899087216793e-02 -5.409197997747098446e-02 -2.403319850430599841e-02 -8.169040611109699979e-03 -1.737272922008317342e-03 -1.737272958168823789e-03 -1.219997690170480752e-04
7.101489898900141817e-01 -5.504027300484800461e-02 -5.504027380107539419e-02 -2.428922013590654669e-02 -8.210576782099172563e-03 -1.740138602040651071e-03 -1.740138637720855738e-03 -1.220267053354000584e-04
7.009262757355984030e-01 -5.582190535882022853e-02 -5.582190602687076009e-02 -2.449455544075502048e-02 -8.243251198673496108e-03 -1.742368300744045768e-03 -1.742368336055276704e-03 -1.220475081963466233e-04
6.919400414312958381e-01 -5.647156205480678010e-02 -5.647156263266383397e-02 -2.466079124258931804e-02 -8.269239788088933799e-03 -1.744129149277569985e-03 -1.744129184300151391e-03 -1.220646260125800737e-04
6.831813067296339526e-01 -5.702429480904214892e-02 -5.702429532012708024e-02 -2.479913611885698269e-02 -8.290544359680651967e-03 -1.745559432946179167e-03 -1.745559467736179475e-03 -1.220781654487577408e-04
6.746415403955134948e-01 -5.750597459247802634e-02 -5.750597505189113112e-02 -2.491758874879356281e-02 -8.308574783175622439e-03 -1.746763367673542138e-03 -1.746763402269136106e-03 -1.220896866213601946e-04
6.663126324893959840e-01 -5.793402102396560949e-02 -5.793402144199148035e-02 -2.502135123413019857e-02 -8.324220038637043448e-03 -1.747802771243773612e-03 -1.747802805672336044e-03 -1.220996027376420213e-04
6.581868686785496969e-01 -5.832020312280482288e-02 -5.832020350679222032e-02 -2.511386108072731146e-02 -8.338063962157329229e-03 -1.748720323888462973e-03 -1.748720358170241344e-03 -1.221086097811410851e-04
6.502569064053141945e-01 -5.867255477321391827e-02 -5.867255512863636668e-02 -2.519740527762182047e-02 -8.350480532218637619e-03 -1.749539430076498545e-03 -1.749539464227885558e-03 -1.221164859614549362e-04
6.425157527576319527e-01 -5.899678320443994817e-02 -5.899678353550955046e-02 -2.527360438602610504e-02 -8.361741601038035973e-03 -1.750280610631602249e-03 -1.750280644665350941e-03 -1.221237003993311395e-04
6.349567439016597925e-01 -5.929694370242306889e-02 -5.929694401247735669e-02 -2.534359469937592924e-02 -8.372032348883092293e-03 -1.750956089367301880e-03 -1.750956123294080584e-03 -1.221302696095603424e-04
6.275735259493148144e-01 -5.957598376356783992e-02 -5.957598405530196983e-02 -2.540820307477129059e-02 -8.381488363434694971e-03 -1.751575240758713103e-03 -1.751575274587999914e-03 -1.221362818140272306e-04
6.203600371452997475e-01 -5.983605063081209180e-02 -5.983605090649015551e-02 -2.546802872832598999e-02 -8.390204989249068143e-03 -1.752143511242827429e-03 -1.752143544982878113e-03 -1.221415976710499209e-04
6.133104912686485610e-01 -6.007880174294842612e-02 -6.007880200445677582e-02 -2.552354983908358688e-02 -8.398265949317253523e-03 -1.752668680884189286e-03 -1.752668714541970492e-03 -1.221466212567593943e-04
6.064193621532705247e-01 -6.030548548130824221e-02 -6.030548573027843390e-02 -2.557512032398716675e-02 -8.405728436300130904e-03 -1.753154291911323062e-03 -1.753154325493220742e-03 -1.221513163654986073e-04
5.996813692404564522e-01 -6.051713761502807570e-02 -6.051713785282283875e-02 -2.562304147202502935e-02 -8.412645241375880933e-03 -1.753605236514320809e-03 -1.753605270025832951e-03 -1.221559349365627239e-04
5.930914640839678453e-01 -6.071454151153304890e-02 -6.071454173937207432e-02 -2.566751502602053828e-02 -8.419037210755877035e-03 -1.754018221723671741e-03 -1.754018255170993910e-03 -1.221596599163920333e-04
5.866448177352291404e-01 -6.089855905701767325e-02 -6.089855927596186935e-02 -2.570880398298925479e-02 -8.424959473828153023e-03 -1.754401796008996399e-03 -1.754401829396729732e-03 -1.221633606819917358e-04
5.803368089423771581e-01 -6.106994825704935986e-02 -6.106994846803073806e-02 -2.574712266686947706e-02 -8.430449878374017200e-03 -1.754759835849116533e-03 -1.754759869181287324e-03 -1.221672870818215966e-04
5.741630131025646788e-01 -6.122932242404029168e-02 -6.122932262788377544e-02 -2.578260920192378125e-02 -8.435515371886618055e-03 -1.755087089880957288e-03 -1.755087123162469816e-03 -1.221704429875021807e-04
5.681191919120113232e-01 -6.137738303562331743e-02 -6.137738323305866328e-02 -2.581544774396841296e-02 -8.440184801525647817e-03 -1.755385490075908822e-03 -1.755385523311374417e-03 -1.221728433676363696e-04
5.622012836629278754e-01 -6.151493382394993686e-02 -6.151493401561682756e-02 -2.584587512782580976e-02 -8.444511387624026658e-03 -1.755664836841973634e-03 -1.755664870034313570e-03 -1.221756061572382558e-04
5.564053941406297277e-01 -6.164262339821039577e-02 -6.164262358467761937e-02 -2.587404516694308612e-02 -8.448513463021323916e-03 -1.755924379913225948e-03 -1.755924413065514805e-03 -1.221783990772579696e-04
5.507277880779701817e-01 -6.176103756763738628e-02 -6.176103774941196778e-02 -2.590008027940264232e-02 -8.452197415384749002e-03 -1.756159975725684686e-03 -1.756160008841757937e-03 -1.221804326138390111e-04
5.451648811276876838e-01 -6.187092700197448225e-02 -6.187092717950270354e-02 -2.592419390747262645e-02 -8.455611293498865866e-03 -1.756380735343485416e-03 -1.756380768425579121e-03 -1.221827649505219555e-04
5.397132323164107737e-01 -6.197281660373086393e-02 -6.197281677741318939e-02 -2.594648571802241066e-02 -8.458755800150645487e-03 -1.756581427343360249e-03 -1.756581460394642663e-03 -1.221844818503569588e-04
5.343695369469413370e-01 -6.206737165298071429e-02 -6.206737182316997281e-02 -2.596713666253139263e-02 -8.461669431839177052e-03 -1.756768889028478787e-03 -1.756768922050981488e-03 -1.221863523886799075e-04
5.291306199180497716e-01 -6.215508847642754048e-02 -6.215508864344097828e-02 -2.598624690823743422e-02 -8.464358077068866865e-03 -1.756940213495582779e-03 -1.756940246491877277e-03 -1.221878104065972717e-04
5.239934294334085418e-01 -6.223653670960579976e-02 -6.223653687372499022e-02 -2.600396423000022120e-02 -8.466850869745502772e-03 -1.757100043561614540e-03 -1.757100076533426019e-03 -1.221893469342144622e-04
5.189550310734719618e-01 -6.231218869350698547e-02 -6.231218885498334553e-02 -2.602039461073754958e-02 -8.469161334858909054e-03 -1.757248533516838664e-03 -1.757248566465862598e-03 -1.221908442024796713e-04
5.140126022061054512e-01 -6.238247246281009711e-02 -6.238247262187088943e-02 -2.603563029296698805e-02 -8.471299521603905744e-03 -1.757385089632149773e-03 -1.757385122560316693e-03 -1.221920927516546894e-04
5.091634267135950465e-01 -6.244782618600636104e-02 -6.244782634285472867e-02 -2.604977814435540176e-02 -8.473284181495253919e-03 -1.757512121194079431e-03 -1.757512154102805957e-03 -1.221933093063404013e-04
5.044048900153371706e-01 -6.250862792336697726e-02 -6.250862807818526046e-02 -2.606292260875843828e-02 -8.475126591639748838e-03 -1.757630014513908131e-03 -1.757630047404650344e-03 -1.221944411354825293e-04
4.997344743670470435e-01 -6.256523132236364859e-02 -6.256523147531536932e-02 -2.607514396667630352e-02 -8.476838322358423369e-03 -1.757739514445976403e-03 -1.757739547319960103e-03 -1.221954943110886618e-04
4.951497544187254962e-01 -6.261796166820278453e-02 -6.261796181943719841e-02 -2.608651583025205917e-02 -8.478430007270157040e-03 -1.757841324189582301e-03 -1.757841357048061260e-03 -1.221964779117885739e-04
4.906483930149188599e-01 -6.266711578025492557e-02 -6.266711592990532875e-02 -2.609710456007692872e-02 -8.479910942108979596e-03 -1.757935964433890138e-03 -1.757935997277909309e-03 -1.221973834297447375e-04
4.862281372219916520e-01 -6.271300189882948739e-02 -6.271300204701731051e-02 -2.610698954089175558e-02 -8.481297703555972650e-03 -1.758026404207298698e-03 -1.758026437037503182e-03 -1.221985482568185095e-04
4.818868145682239645e-01 -6.275577820217649594e-02 -6.275577834901435725e-02 -2.611617859067198386e-02 -8.482577479388755948e-03 -1.758106736998638064e-03 -1.758106769816607110e-03 -1.221990894455142007e-04
4.776223294835493793e-01 -6.279575198140160963e-02 -6.279575212698927655e-02 -2.612476319359842772e-02 -8.483774963952276857e-03 -1.758182799951557530e-03 -1.758182832757939707e-03 -1.221997530263524553e-04
4.734326599266761026e-01 -6.283312333758062085e-02 -6.283312348200874309e-02 -2.613278457986248707e-02 -8.484894412241398773e-03 -1.758254280124007867e-03 -1.758254312921768685e-03 -1.222004405339423760e-04
4.652700278589747551e-01 -6.306396577483097676e-02 -6.306396591196110346e-02 -2.623196903014000589e-02 -8.523412665292879123e-03 -1.769645067796018177e-03 -1.769645098705583666e-03 -1.237609885444728905e-04
4.612933609541972624e-01 -6.322832534881084321e-02 -6.322832548091456006e-02 -2.630787636687299813e-02 -8.554216552923061406e-03 -1.778936699064609644e-03 -1.778936728519274046e-03 -1.250451589655758979e-04
4.573840951833989532e-01 -6.352805140865271094e-02 -6.352805153202328858e-02 -2.645459628456075726e-02 -8.615709256604991637e-03 -1.797756651273688588e-03 -1.797756677995105551e-03 -1.276689825147373728e-04
4.535405313583283915e-01 -6.405154321744289947e-02 -6.405154332695121855e-02 -2.671810338438086047e-02 -8.727866467434999484e-03 -1.832388681127139832e-03 -1.832388703488257780e-03 -1.325544228145842122e-04
4.497610269303423669e-01 -6.486327969823812989e-02 -6.486327978928474458e-02 -2.713229698848694874e-02 -8.905715797064110706e-03 -1.887751635874371616e-03 -1.887751652741517317e-03 -1.405034792294927520e-04
