1.587391859754149426e+00 -2.471611904001556337e-01 -9.805419135396976904e-02 -9.547886766267039624e-03 1.082036790251724410e-02 5.762498840313416519e-03 1.561407611188263527e-03 1.202456675089239876e-04
1.542037806618316687e+00 -2.592868193268904053e-01 -9.715673057535706425e-02 -5.541692040841362382e-03 1.034053551486539824e-02 5.744601476900737004e-03 1.561193081569586371e-03 1.202456675089239876e-04
1.499203423101140853e+00 -2.632380892919606308e-01 -9.175103666144455994e-02 -1.227804727399528289e-03 9.884488818422687562e-03 5.718257985546402328e-03 1.560801303760089463e-03 1.202456675089239876e-04
1.458684411665974956e+00 -2.598191747133150042e-01 -8.276786754141175761e-02 2.467908403437074540e-03 9.667389992140210456e-03 5.699720078516852008e-03 1.560529641180499489e-03 1.202456675089239876e-04
1.420297979780028363e+00 -2.526906867174470994e-01 -7.229629402484065437e-02 4.777348680127985019e-03 9.651161667291191168e-03 5.692184701236920399e-03 1.560394905823897331e-03 1.202456675089239876e-04
1.383880082862591676e+00 -2.442145951462471598e-01 -6.179838979566135149e-02 5.518613811350252078e-03 9.686483326685533732e-03 5.690714791753929275e-03 1.560345348359901997e-03 1.202456675089239876e-04
1.349283080791026990e+00 -2.344325123318079795e-01 -5.198862928628815439e-02 5.024473193507042641e-03 9.664523171549621247e-03 5.689273989520329290e-03 1.560327170173622614e-03 1.202456675089239876e-04
1.316373737357099616e+00 -2.225056659745655585e-01 -4.351627656017230394e-02 3.896820175718710040e-03 9.554730588910771705e-03 5.683521000047210905e-03 1.560206983803211385e-03 1.202456675089239876e-04
1.285031505515263905e+00 -2.077358661166431308e-01 -3.705827988762552816e-02 2.753015353075741970e-03 9.395225787514394078e-03 5.674268601388761379e-03 1.559995442593309443e-03 1.202456675089239876e-04
1.255147051898629629e+00 -1.904596933536756020e-01 -3.311633475384918174e-02 1.933704197205753745e-03 9.242768200416634841e-03 5.665180422475865618e-03 1.559816503576713425e-03 1.202456675089239876e-04
1.226620982537297122e+00 -1.722835731296224193e-01 -3.176339320149122736e-02 1.410422203996805060e-03 9.123817837255202012e-03 5.658157074893283879e-03 1.559714275575375692e-03 1.202456675089239876e-04
1.199362738480912904e+00 -1.554485755383480383e-01 -3.253196186007462770e-02 9.707146031218322245e-04 9.028484659170788948e-03 5.652299558893837846e-03 1.559620423512043854e-03 1.202456675089239876e-04
1.173289635470458281e+00 -1.419551471692695743e-01 -3.455970044787214090e-02 4.559088717145985486e-04 8.937894378273483764e-03 5.646304193587057402e-03 1.559482229846836281e-03 1.202456675089239876e-04
1.148326026205129358e+00 -1.329803848398012911e-01 -3.694935424105504768e-02 -1.465111099918616139e-04 8.846843350680620027e-03 5.640417010759351743e-03 1.559347506525706351e-03 1.202456675089239876e-04
1.124402567325855751e+00 -1.287896949532321700e-01 -3.918295063902335618e-02 -7.811010603124347081e-04 8.756906223692073610e-03 5.634912408948537961e-03 1.559242861196161222e-03 1.202456675089239876e-04
1.101455576155940363e+00 -1.287381386266503447e-01 -4.118333164152163800e-02 -1.401999932643730167e-03 8.669301536592066704e-03 5.629506559163330488e-03 1.559141773236344527e-03 1.202456675089239876e-04
1.079426464632821547e+00 -1.314750328598471574e-01 -4.305442656640622034e-02 -1.981338344101389332e-03 8.587860825577994101e-03 5.624466722945783807e-03 1.559053010074370506e-03 1.202456675089239876e-04
1.058261239836099543e+00 -1.356231086584026302e-01 -4.491827027639524322e-02 -2.522490898623956559e-03 8.512728223186626086e-03 5.619753093916768361e-03 1.558970407605945975e-03 1.202456675089239876e-04
1.037910062146943924e+00 -1.402279543097341707e-01 -4.681689435533937377e-02 -3.037105645092575724e-03 8.442475816067706099e-03 5.615236026047128876e-03 1.558886228543461495e-03 1.202456675089239876e-04
1.018326853427190093e+00 -1.448268442373033538e-01 -4.870954509612037547e-02 -3.524781126659434077e-03 8.377627806986767678e-03 5.611099416768948814e-03 1.558814138150893449e-03 1.202456675089239876e-04
9.994689487340940870e-01 -1.493350928454092730e-01 -5.055473262635452880e-02 -3.984725537947296677e-03 8.317703439818205369e-03 5.607295630458767645e-03 1.558751064587543794e-03 1.202456675089239876e-04
9.812967860298377198e-01 -1.537835661049669622e-01 -5.232579887208804043e-02 -4.414468703455977881e-03 8.262551415133595825e-03 5.603792702247421473e-03 1.558693935992553964e-03 1.202456675089239876e-04
9.637736291364479291e-01 -1.581836241452804215e-01 -5.401076754599629104e-02 -4.812156136875364067e-03 8.212205532705154493e-03 5.600588695210287869e-03 1.558641522002124184e-03 1.202456675089239876e-04
9.468653198533522053e-01 -1.624729414380429171e-01 -5.558735054078148968e-02 -5.170970612992565989e-03 8.168321095374082852e-03 5.597953962143682564e-03 1.558610792314237643e-03 1.202456675089239876e-04
9.305400557179495102e-01 -1.665483699819733099e-01 -5.702103260454001454e-02 -5.480115558935165325e-03 8.133675541789590555e-03 5.596340072989465161e-03 1.558630702321761163e-03 1.202456675089239876e-04
9.147681903667979064e-01 -1.705716980416984441e-01 -5.840049960866895012e-02 -5.775602726890918456e-03 8.098469481671734249e-03 5.594166308282948023e-03 1.558596122218663125e-03 1.202456675089239876e-04
8.995220538606847338e-01 -1.743149178149963063e-01 -5.962351201666445111e-02 -6.021027008235283959e-03 8.072312295983570876e-03 5.592969121011790584e-03 1.558607100253066964e-03 1.202456675089239876e-04
8.847757906826406726e-01 -1.779433590749673888e-01 -6.076726653142448115e-02 -6.246940706782875587e-03 8.046886830292681453e-03 5.591390319731728842e-03 1.558572631926217773e-03 1.202456675089239876e-04
8.705052134135657926e-01 -1.812981153567494730e-01 -6.172934740864604447e-02 -6.414431582658900247e-03 8.032492768098109873e-03 5.591056340860781938e-03 1.558597842741028545e-03 1.202456675089239876e-04
8.566876703435091223e-01 -1.846237420795112383e-01 -6.253091513673597612e-02 -6.523234392239290677e-03 8.029655344192058661e-03 5.592039721174940983e-03 1.558685612002921189e-03 1.202456675089239876e-04
8.433019254943918686e-01 -1.887083795012318432e-01 -6.334933088728950112e-02 -6.611773124471758030e-03 8.030499696919308691e-03 5.593161450601098240e-03 1.558758052509502104e-03 1.202456675089239876e-04
8.303280497175551389e-01 -1.942237053445696193e-01 -6.437258764970955893e-02 -6.696415338957681200e-03 8.036783876296079571e-03 5.595019948693419516e-03 1.558858367302844812e-03 1.202456675089239876e-04
8.177473216915315257e-01 -2.002037579004900814e-01 -6.586769018823494803e-02 -6.845856489027996906e-03 8.039248008853493166e-03 5.596725143531106582e-03 1.558936485277548096e-03 1.202456675089239876e-04
8.055421377856877285e-01 -1.994038020297808633e-01 -6.716445531557377335e-02 -7.018072446032648515e-03 8.045423307486291101e-03 5.599658578860446101e-03 1.559081331051897189e-03 1.202456675089239876e-04
7.936959298770747129e-01 -1.803299002178165023e-01 -6.541852543247733687e-02 -6.894368945346409337e-03 8.079731522236092631e-03 5.604888537568710610e-03 1.559295436358103552e-03 1.202456675089239876e-04
7.821930903136388169e-01 -1.424517516656319538e-01 -5.653807388144498070e-02 -5.625578032391401195e-03 8.227353080029531363e-03 5.616694344895102262e-03 1.559644277839359596e-03 1.202456675089239876e-04
7.710189033091583433e-01 -1.015790555260153299e-01 -4.156596651180227003e-02 -2.637459191665714534e-03 8.583284950830235779e-03 5.639851603788736435e-03 1.560165165834623670e-03 1.202456675089239876e-04
7.601594821357898768e-01 -7.311725166593469050e-02 -2.768718393820741863e-02 1.025544432766624598e-03 9.086657364742440832e-03 5.672414145418053222e-03 1.560865883458292672e-03 1.202456675089239876e-04
7.496017115505704265e-01 -6.387307824590095218e-02 -2.107132357021759134e-02 3.319647994567297665e-03 9.453284850176003548e-03 5.696370700300931907e-03 1.561376766977423149e-03 1.202456675089239876e-04
7.393331949539874159e-01 -7.463338013091978806e-02 -2.349271497025381614e-02 3.111730973074679045e-03 9.448848085404925462e-03 5.695512264408047337e-03 1.561485721654091345e-03 1.202456675089239876e-04
7.293422058329875890e-01 -1.029397478976736974e-01 -3.382063695896383310e-02 5.185332431206615732e-04 9.048548771878394542e-03 5.666087489666533222e-03 1.561027576239416631e-03 1.202456675089239876e-04
7.196176430885476982e-01 -1.422173965520855399e-01 -4.867909629261564508e-02 -3.363233268521655193e-03 8.446078872318915978e-03 5.623669314688112784e-03 1.560370159174920366e-03 1.202456675089239876e-04
7.101489898900141817e-01 -1.848062472711808624e-01 -6.448336311347860339e-02 -7.410620743139976346e-03 7.831859423687489649e-03 5.580976094122841978e-03 1.559635256952574206e-03 1.202456675089239876e-04
7.009262757355984030e-01 -2.250982103650036870e-01 -7.886837545721706033e-02 -1.094762234628200021e-02 7.315547099327676661e-03 5.546279673059989132e-03 1.559057999290930363e-03 1.202456675089239876e-04
6.919400414312958381e-01 -2.615727542417698448e-01 -9.137630509873795326e-02 -1.390752730323019729e-02 6.895002807617148406e-03 5.518040784019834395e-03 1.558543116855938895e-03 1.202456675089239876e-04
6.831813067296339526e-01 -2.942098428885511763e-01 -1.021339419876831078e-01 -1.635762990329153038e-02 6.558023786214173256e-03 5.496080286675656713e-03 1.558170267695072053e-03 1.202456675089239876e-04
6.746415403955134948e-01 -3.239178362469677941e-01 -1.116057392977176516e-01 -1.845256542929216842e-02 6.275517075585283246e-03 5.477756174984223583e-03 1.557849983813168991e-03 1.202456675089239876e-04
6.663126324893959840e-01 -3.513456112073797821e-01 -1.200970025721770362e-01 -2.028330936901653891e-02 6.033095909565096455e-03 5.462188247627447826e-03 1.557579430759066129e-03 1.202456675089239876e-04
6.581868686785496969e-01 -3.771127006633100964e-01 -1.278795266859873159e-01 -2.192932161780253991e-02 5.817118028614250320e-03 5.448181803553091979e-03 1.557316942592801984e-03 1.202456675089239876e-04
6.502569064053141945e-01 -4.014676140552781991e-01 -1.350578918369603476e-01 -2.341584514572619957e-02 5.625437509132962845e-03 5.435977995177568647e-03 1.557099473984747007e-03 1.202456675089239876e-04
6.425157527576319527e-01 -4.247828011416772687e-01 -1.417856130608067811e-01 -2.478634422433456663e-02 5.450391993391151199e-03 5.424818840015412785e-03 1.556894047142122093e-03 1.202456675089239876e-04
6.349567439016597925e-01 -4.472345564873584922e-01 -1.481324700925547855e-01 -2.605823137467743952e-02 5.289796853753050282e-03 5.414646162404793128e-03 1.556707122032869326e-03 1.202456675089239876e-04
6.275735259493148144e-01 -4.689697283214589452e-01 -1.541578004047530204e-01 -2.724706888667868462e-02 5.141344371237459993e-03 5.405306169590331708e-03 1.556536202180113220e-03 1.202456675089239876e-04
6.203600371452997475e-01 -4.900132665942865118e-01 -1.598737031852746626e-01 -2.835463085779468123e-02 5.005533775451919201e-03 5.397000503677354052e-03 1.556398834459206230e-03 1.202456675089239876e-04
6.133104912686485610e-01 -5.105481737736828896e-01 -1.653580160142625599e-01 -2.940464604434916279e-02 4.877463756157273365e-03 5.389108063815469495e-03 1.556260142622500030e-03 1.202456675089239876e-04
6.064193621532705247e-01 -5.305757088423069812e-01 -1.706181316726446129e-01 -3.039927749147709746e-02 4.757040617483040967e-03 5.381682196529752153e-03 1.556126186658173633e-03 1.202456675089239876e-04
5.996813692404564522e-01 -5.501838207787336232e-01 -1.756977774500526057e-01 -3.135271110358175961e-02 4.641254237975228972e-03 5.374337059172071621e-03 1.555975230417370103e-03 1.202456675089239876e-04
5.930914640839678453e-01 -5.690240108827523402e-01 -1.804735759940931661e-01 -3.222794434684901621e-02 4.538656731076409767e-03 5.368335307931151185e-03 1.555886686518967140e-03 1.202456675089239876e-04
5.866448177352291404e-01 -5.873976136541445570e-01 -1.850754266294037387e-01 -3.306662387692000521e-02 4.439800039514233722e-03 5.362345201500521262e-03 1.555779748763399997e-03 1.202456675089239876e-04
5.803368089423771581e-01 -6.053739862980360709e-01 -1.895417844658107975e-01 -3.388169963660792039e-02 4.341829620630190643e-03 5.355984965148201209e-03 1.555632209649813720e-03 1.202456675089239876e-04
5.741630131025646788e-01 -6.224978674623395936e-01 -1.937126777196892802e-01 -3.462584226248656416e-02 4.255446382145194363e-03 5.350801788293070224e-03 1.555540119584037772e-03 1.202456675089239876e-04
5.681191919120113232e-01 -6.387250206085711701e-01 -1.975853036203185087e-01 -3.529980993581141591e-02 4.180457213909290724e-03 5.346782304364285088e-03 1.555503450045257752e-03 1.202456675089239876e-04
5.622012836629278754e-01 -6.545094327690061942e-01 -2.013402817299522196e-01 -3.595893131476391585e-02 4.104545001820853606e-03 5.342197430479325715e-03 1.555417209211432811e-03 1.202456675089239876e-04
5.564053941406297277e-01 -6.696927949520016243e-01 -2.049265414810720054e-01 -3.658822036994783394e-02 4.031192211803326028e-03 5.337565636417250341e-03 1.555314179214525513e-03 1.202456675089239876e-04
5.507277880779701817e-01 -6.839042794286298577e-01 -2.082150107441322895e-01 -3.714959279808182496e-02 3.968972274621345928e-03 5.334119938650695378e-03 1.555270614031594107e-03 1.202456675089239876e-04
5.451648811276876838e-01 -6.976200583874596628e-01 -2.113865750933229259e-01 -3.769689158523354539e-02 3.906081996101679488e-03 5.330214927594273747e-03 1.555186865012572923e-03 1.202456675089239876e-04
5.397132323164107737e-01 -7.104198444357607833e-01 -2.142919388051507945e-01 -3.818574576713436308e-02 3.852494649240886023e-03 5.327278838549453360e-03 1.555150965588204381e-03 1.202456675089239876e-04
5.343695369469413370e-01 -7.226720866921789721e-01 -2.170680575579742866e-01 -3.865620541455101061e-02 3.799540699841554622e-03 5.324112495342904483e-03 1.555090581999935516e-03 1.202456675089239876e-04
5.291306199180497716e-01 -7.341216994777769456e-01 -2.196243571811631878e-01 -3.908113231471355836e-02 3.753371432603352150e-03 5.321601914367098986e-03 1.555060492952365812e-03 1.202456675089239876e-04
5.239934294334085418e-01 -7.450228158093883390e-01 -2.220530440492045066e-01 -3.948690760520994630e-02 3.708372310162766708e-03 5.318979196461675642e-03 1.555014658984731979e-03 1.202456675089239876e-04
5.189550310734719618e-01 -7.553411319494429677e-01 -2.243413783779889259e-01 -3.986903806094720115e-02 3.665716394330981783e-03 5.316429125717956131e-03 1.554965038481218162e-03 1.202456675089239876e-04
5.140126022061054512e-01 -7.649961503071002200e-01 -2.264599294994157908e-01 -4.021821467053424137e-02 3.627612483071970990e-03 5.314279314150366189e-03 1.554932193890085383e-03 1.202456675089239876e-04
5.091634267135950465e-01 -7.741193605161242886e-01 -2.284542126391222727e-01 -4.054687957773169676e-02 3.591511321480362652e-03 5.312190299638994660e-03 1.554896074823804977e-03 1.202456675089239876e-04
5.044048900153371706e-01 -7.827097044019799554e-01 -2.303221186578212898e-01 -4.085361724815166767e-02 3.557885159662604532e-03 5.310244456481733044e-03 1.554862239553204050e-03 1.202456675089239876e-04
4.997344743670470435e-01 -7.907954231120508659e-01 -2.320716666987776844e-01 -4.113995795414260304e-02 3.526554733637454059e-03 5.308431852715720690e-03 1.554830589812468064e-03 1.202456675089239876e-04
4.951497544187254962e-01 -7.984060334612634868e-01 -2.337111068936343905e-01 -4.140751061485731244e-02 3.497315466898312953e-03 5.306737944152630816e-03 1.554800706691146202e-03 1.202456675089239876e-04
4.906483930149188599e-01 -8.055616532312347422e-01 -2.352452555154373737e-01 -4.165691821669972872e-02 3.470163683985993779e-03 5.305175137253606565e-03 1.554773768195663727e-03 1.202456675089239876e-04
4.862281372219916520e-01 -8.124623441487298647e-01 -2.367415610846927698e-01 -4.190678614530863461e-02 3.441200133354933161e-03 5.303212714635846883e-03 1.554717984202572036e-03 1.202456675089239876e-04
4.818868145682239645e-01 -8.186685422951036628e-01 -2.380445317346065182e-01 -4.211191131530692827e-02 3.420324359915469584e-03 5.302239284705358505e-03 1.554717908366366015e-03 1.202456675089239876e-04
4.776223294835493793e-01 -8.245922043763778131e-01 -2.392954751557520576e-01 -4.231212169783964833e-02 3.399026854640005771e-03 5.301080631589343874e-03 1.554702665488821856e-03 1.202456675089239876e-04
4.734326599266761026e-01 -8.302031715132203171e-01 -2.404814986124629572e-01 -4.250309373644818589e-02 3.378348286690792401e-03 5.299891094209041760e-03 1.554681919496872771e-03 1.202456675089239876e-04
4.652700278589747551e-01 -1.664022841048168111e+00 -5.267835942846444963e-01 -1.236904016036077109e-01 -1.408968544505867157e-02 2.874488874354467430e-03 1.407446916307601541e-03 1.202456675089240011e-04
4.612933609541972624e-01 -2.330155640836060194e+00 -7.553471752374923964e-01 -1.885196892628086263e-01 -2.805608598345383717e-02 9.298637348939771180e-04 1.288732484005273475e-03 1.202456675089239876e-04
4.573840951833989532e-01 -3.629128087065346175e+00 -1.201749263670861989e+00 -3.153931854231929455e-01 -5.546693753569566232e-02 -2.903729199389934543e-03 1.052832080498898419e-03 1.202456675089239876e-04
4.535405313583283915e-01 -5.850118455618949831e+00 -1.966420598788072516e+00 -5.333951241175156621e-01 -1.027992376381018091e-01 -9.577880059470253796e-03 6.359599827353339336e-04 1.202456675089240011e-04
4.497610269303423669e-01 -8.987526967011463697e+00 -3.050158280919585962e+00 -8.440233146584515955e-01 -1.708173953622135477e-01 -1.930327335594403740e-02 1.311751937716985771e-05 1.202456675089239876e-04
4.460439936499261959e-01 nan nan nan nan nan nan nan
4.423878953413203363e-01 nan nan nan nan nan nan nan
4.387912457856998349e-01 nan nan nan nan nan nan nan
4.352526067067828963e-01 nan nan nan nan nan nan nan
4.317705858531286633e-01 nan nan nan nan nan nan nan
4.283438351717545611e-01 nan nan nan nan nan nan nan
4.249710490680400077e-01 nan nan nan nan nan nan nan
4.216509627471959343e-01 nan nan nan nan nan nan nan
