# R  E_0  E_1  E_2  E_3  E_4  E_5  E_6
3.270989286766126103e+00 -4.639912877749269304e-02 -3.761736689470707162e-02 -2.740934187394464261e-02 -1.692768970755649527e-02 -7.381379523101763707e-03 -1.387519106654942075e-03 -1.190080293991431775e-04
3.082278366375772904e+00 -4.932458198136194932e-02 -3.974352746813591963e-02 -2.860968787618964337e-02 -1.725120966056685121e-02 -7.137797142580698528e-03 -1.432544759151955713e-03 -1.190667311791073065e-04
2.914154091846184791e+00 -5.163400034526799409e-02 -4.130594764106410022e-02 -2.930967227686714568e-02 -1.717596724602578340e-02 -6.712652111580841297e-03 -1.492324224770365682e-03 -1.195433759353201362e-04
2.763421983647244229e+00 -5.327770237687984300e-02 -4.227488431250836509e-02 -2.950342770199291045e-02 -1.673223022888745831e-02 -6.208985194086948101e-03 -1.536785852877363065e-03 -1.199770519400383231e-04
2.627515984451477937e+00 -5.446679653848157665e-02 -4.285978019513379117e-02 -2.939683196800629839e-02 -1.612711239946594544e-02 -5.827850723028443411e-03 -1.553808213898270245e-03 -1.201531885314210653e-04
2.504351172680315152e+00 -5.539909410824434000e-02 -4.325446586068329435e-02 -2.917786514326035918e-02 -1.554573260409430890e-02 -5.678622630008497117e-03 -1.553572051680332565e-03 -1.201407074436358700e-04
2.392216045545375813e+00 -5.606179964250751491e-02 -4.346072455862298733e-02 -2.886808333445819996e-02 -1.503977620744959519e-02 -5.724264625798711204e-03 -1.552894218777004951e-03 -1.201068287911054387e-04
2.289692500736288494e+00 -5.632771118332237370e-02 -4.338003415748542535e-02 -2.841080421847053811e-02 -1.460825767080384252e-02 -5.870539399658390722e-03 -1.559000242399312050e-03 -1.201450872210780662e-04
2.195595548651235074e+00 -5.610708079807980031e-02 -4.294981032177430658e-02 -2.779088892366408936e-02 -1.428039771174212380e-02 -6.029985683175830002e-03 -1.569462693578653478e-03 -1.202446190731297645e-04
2.108927303309739099e+00 -5.542836647017584939e-02 -4.220882184224656469e-02 -2.708562156270218069e-02 -1.411667299344672444e-02 -6.149756857024051698e-03 -1.579226650046890862e-03 -1.203492884128136604e-04
2.028841456348609906e+00 -5.442423865390755289e-02 -4.127305267767331087e-02 -2.643361811649342849e-02 -1.414645429140444499e-02 -6.223652960928402478e-03 -1.585725084881369797e-03 -1.204239285223474248e-04
1.954615549409026487e+00 -5.326553169865685250e-02 -4.026323982420337844e-02 -2.595947813497478940e-02 -1.432429861573726593e-02 -6.274676523700895014e-03 -1.589580244274281517e-03 -1.204693149801569756e-04
1.885629118253413949e+00 -5.213869034741317604e-02 -3.926935012942112113e-02 -2.572031811362170128e-02 -1.455858316051787671e-02 -6.321964602969756819e-03 -1.592433170956778984e-03 -1.205014583142655169e-04
1.821346307403865383e+00 -5.128064412239369263e-02 -3.837297372339464746e-02 -2.568549527096025686e-02 -1.476901917290929234e-02 -6.367800915655731642e-03 -1.595093739882556816e-03 -1.205302791663134788e-04
1.761301923643298739e+00 -5.099245697713179759e-02 -3.769424560798489282e-02 -2.573996671861231156e-02 -1.491503395168189416e-02 -6.405295511317805890e-03 -1.597371627419790809e-03 -1.205547897693914710e-04
1.705090160122767706e+00 -5.157131784825522841e-02 -3.743125777286535061e-02 -2.574514902715013820e-02 -1.498189610521265085e-02 -6.427134581859818285e-03 -1.598685049629580473e-03 -1.205689608496927131e-04
1.652355412902476006e+00 -5.320665914479105751e-02 -3.782506780409669589e-02 -2.568609509453917417e-02 -1.496101051130921400e-02 -6.427336061641024390e-03 -1.598392990340154196e-03 -1.205654033894264579e-04
1.602784750515401813e+00 -5.594748339677152460e-02 -3.903781138851719623e-02 -2.578206003246494293e-02 -1.487943962049602387e-02 -6.403308856278114303e-03 -1.595967198304704474e-03 -1.205374486232380473e-04
1.556101699529516047e+00 -5.974574247635541790e-02 -4.109737096090984587e-02 -2.634401008272707623e-02 -1.486288977872268768e-02 -6.369530736222415480e-03 -1.591976804482950897e-03 -1.204895280259956399e-04
1.512061085391888549e+00 -6.449612879137828214e-02 -4.393582439280713237e-02 -2.752273267512708732e-02 -1.509104984154512052e-02 -6.370512712680964640e-03 -1.589799723395884240e-03 -1.204575966020038314e-04
1.470444725243487794e+00 -7.005323563319587610e-02 -4.742270668674725131e-02 -2.926082971320426163e-02 -1.564558117980169305e-02 -6.454705597433226839e-03 -1.594793943642001943e-03 -1.205055984739391065e-04
1.431057812960180087e+00 -7.625161458802032222e-02 -5.138905546540665364e-02 -3.139407435857941020e-02 -1.646739226848766002e-02 -6.629674151338233942e-03 -1.609474519560200045e-03 -1.206692856681966237e-04
1.393725870013392765e+00 -8.292769238634389861e-02 -5.565288625900532971e-02 -3.373346675057850574e-02 -1.742798396744123235e-02 -6.859007229748866064e-03 -1.630659079924419094e-03 -1.209122651443513908e-04
1.358292161453730218e+00 -8.994345439793208219e-02 -6.004902386414662230e-02 -3.611023024020659777e-02 -1.839999979228321147e-02 -7.093772349467682148e-03 -1.652502889771647124e-03 -1.211609024218930023e-04
1.324615496293720440e+00 -9.721624667121554764e-02 -6.446838918395447759e-02 -3.841466120569336090e-02 -1.930245328057583060e-02 -7.302200032512355665e-03 -1.671168222457912120e-03 -1.213685111965663946e-04
1.292568347189840150e+00 -1.047267701743558321e-01 -6.887517958613165181e-02 -4.061067340783004048e-02 -2.011202579667090151e-02 -7.476992822483072114e-03 -1.686006613625350495e-03 -1.215292702119037774e-04
1.262035236626300572e+00 -1.124884329348871809e-01 -7.327832990204016794e-02 -4.270772314033649542e-02 -2.083911107443169042e-02 -7.623810311722697963e-03 -1.697860173794349392e-03 -1.216546795822496705e-04
1.232911346550308984e+00 -1.205113330660196880e-01 -7.769176425339063830e-02 -4.472382778469174980e-02 -2.150033771846952824e-02 -7.749868082157024274e-03 -1.707628519438215411e-03 -1.217561822142937747e-04
1.205101316176993897e+00 -1.287865808196893003e-01 -8.211506295795380217e-02 -4.666820836255985983e-02 -2.210720245661904060e-02 -7.860139866599374220e-03 -1.715899498284700940e-03 -1.218414314572900762e-04
1.178518198908383718e+00 -1.372855723678152451e-01 -8.653134521859939809e-02 -4.853942146294337734e-02 -2.266532958625869232e-02 -7.957467672742163378e-03 -1.722999086297662824e-03 -1.219129404729947909e-04
1.153082554327627074e+00 -1.459646888641341622e-01 -9.091220486641338194e-02 -5.032931854421351936e-02 -2.317693808932030919e-02 -8.043542916206809085e-03 -1.729140124237560014e-03 -1.219750843084831246e-04
1.128721655292536319e+00 -1.547700412467416520e-01 -9.522309445948018425e-02 -5.202693476061309719e-02 -2.364271876497619010e-02 -8.119411252971673112e-03 -1.734440047177181069e-03 -1.220272321323934150e-04
1.105368793458897825e+00 -1.636426712533911587e-01 -9.942904543744518486e-02 -5.362231781402743147e-02 -2.406356128208556044e-02 -8.186008251441917460e-03 -1.739014297522647893e-03 -1.220722508454288532e-04
1.082962669267163447e+00 -1.725222350678223826e-01 -1.034981721836352869e-01 -5.510827767189202531e-02 -2.444101866375747098e-02 -8.244211398717810058e-03 -1.742954467287754182e-03 -1.221112058321581722e-04
1.061446854645961446e+00 -1.813503310340224828e-01 -1.074042491028098789e-01 -5.648138944678410267e-02 -2.477756585838777892e-02 -8.294945016759251721e-03 -1.746355619408475031e-03 -1.221465595127326463e-04
1.040769318516494568e+00 -1.900716061312679450e-01 -1.111266002833369709e-01 -5.774105067587226303e-02 -2.507589963012127332e-02 -8.338915282673421692e-03 -1.749238268536651431e-03 -1.221712326994551568e-04
1.020882006697708011e+00 -1.986378926885433993e-01 -1.146528432928618502e-01 -5.889105184044951535e-02 -2.534003999522050146e-02 -8.377238898943463463e-03 -1.751759883763017063e-03 -1.221983053301802587e-04
1.001740469072126105e+00 -2.070047643733694542e-01 -1.179741561316761667e-01 -5.993561078626230554e-02 -2.557306214995208604e-02 -8.410465224234248138e-03 -1.753909014873868306e-03 -1.222183029539621838e-04
9.833035279235594617e-01 -2.151348344478380969e-01 -1.210874186563903887e-01 -6.088102620453378355e-02 -2.577843069614574323e-02 -8.439298978394342565e-03 -1.755742953594211214e-03 -1.222324828976742450e-04
9.655329822381938376e-01 -2.229976907887173676e-01 -1.239941550816822113e-01 -6.173492874937802632e-02 -2.595972455200717954e-02 -8.464504388508042876e-03 -1.757355807045080445e-03 -1.222481755883689442e-04
9.483933435002376289e-01 -2.305678837381396618e-01 -1.266980410345189823e-01 -6.250463719190924028e-02 -2.611989472213899210e-02 -8.486611291898746301e-03 -1.758787362730380825e-03 -1.222660678315901691e-04
9.318515991368613305e-01 -2.378234351570500671e-01 -1.292033421435688778e-01 -6.319636344774343106e-02 -2.626100084901102083e-02 -8.505818327576825100e-03 -1.759991896286240351e-03 -1.222757937803127786e-04
9.158770002945152422e-01 -2.447505489835328785e-01 -1.315186132227914584e-01 -6.381795447640033203e-02 -2.638586750261390224e-02 -8.522734928560003753e-03 -1.761067080001961493e-03 -1.222874915172437928e-04
9.004408710760685164e-01 -2.513374647959387698e-01 -1.336513800152925591e-01 -6.437544965616870396e-02 -2.649623411579843379e-02 -8.537559557822579914e-03 -1.761996605756740173e-03 -1.222960904853620783e-04
8.855164367488407295e-01 -2.575775988071840605e-01 -1.356107505544337233e-01 -6.487503340816946906e-02 -2.659391742368477640e-02 -8.550593073630097241e-03 -1.762807438590085173e-03 -1.223029476112443784e-04
8.710786687583704779e-01 -2.634671525343958987e-01 -1.374055468525685608e-01 -6.532197136482909006e-02 -2.668025792076234026e-02 -8.561986158893759857e-03 -1.763490118686343458e-03 -1.223047876984793055e-04
8.571041446606425529e-01 -2.690087010205469698e-01 -1.390470582563171353e-01 -6.572247132030832606e-02 -2.675714630362105440e-02 -8.572179932509013667e-03 -1.764132481739880912e-03 -1.223120428730492038e-04
8.435709213238956616e-01 -2.742064739189811196e-01 -1.405455428647597316e-01 -6.608156234183996947e-02 -2.682590653683764037e-02 -8.581416340385450425e-03 -1.764767975817389117e-03 -1.223279005554223173e-04
8.304584199561667601e-01 -2.790596954908681759e-01 -1.419058423702885818e-01 -6.640060876150741254e-02 -2.688602629109812514e-02 -8.589190454183867618e-03 -1.765206955103171965e-03 -1.223250450947377908e-04
8.177473216915315257e-01 -2.835824814936598326e-01 -1.431416436483213817e-01 -6.668607637943206601e-02 -2.693972665485680831e-02 -8.596199131609978672e-03 -1.765632288530824285e-03 -1.223276060632317013e-04
