1.635494643383063051e+00 1.472871390765464750e-01 9.211102192836231883e-02 4.656214934703421099e-02 2.080680769776938749e-02 7.692781422955691402e-03 1.696568679479641033e-03 1.202500784943974737e-04
1.587391859754149426e+00 1.448483036811274161e-01 8.932508831690794127e-02 4.510225429755967963e-02 2.107803833497810114e-02 7.726825014340185822e-03 1.697869669347877543e-03 1.202500784943974737e-04
1.542037806618316687e+00 1.418969650105327551e-01 8.641975159905716797e-02 4.409161395786937582e-02 2.126158620498271382e-02 7.757263580273524028e-03 1.699331275953277045e-03 1.202500784943974737e-04
1.499203423101140853e+00 1.390438213777679399e-01 8.381104850771600723e-02 4.364404875574014880e-02 2.136081082902410028e-02 7.777542031346868813e-03 1.700427861412550897e-03 1.202500784943974737e-04
1.458684411665974956e+00 1.362184918623147722e-01 8.155707426484438971e-02 4.366156601842304669e-02 2.141739587172866374e-02 7.788073146422728500e-03 1.700987900515980519e-03 1.202500784943974737e-04
1.420297979780028363e+00 1.337166584567612837e-01 7.992255809955770007e-02 4.402098370638805186e-02 2.149201237584034280e-02 7.796611203760096635e-03 1.701454872630581323e-03 1.202500784943974737e-04
1.383880082862591676e+00 1.309111791722731843e-01 7.869644700999800513e-02 4.447136755831117283e-02 2.158423782456602921e-02 7.805379195858233587e-03 1.701886868727012963e-03 1.202500784943974737e-04
1.349283080791026990e+00 1.284717322419371421e-01 7.809553520663220505e-02 4.492131408692604660e-02 2.169795955145054425e-02 7.817579711290703268e-03 1.702573144727753847e-03 1.202500784943974737e-04
1.316373737357099616e+00 1.254104465319335893e-01 7.774583628350308084e-02 4.519825375765516851e-02 2.178354897640274318e-02 7.827216770588375783e-03 1.703036148613373130e-03 1.202500784943974737e-04
1.285031505515263905e+00 1.237624403843378129e-01 7.814142682638379467e-02 4.550178674600321299e-02 2.188302632661784722e-02 7.840195954055948283e-03 1.703857393173836615e-03 1.202500784943974737e-04
1.255147051898629629e+00 1.220572175188766734e-01 7.853379208285841961e-02 4.567321366708535640e-02 2.193931767486219028e-02 7.847623769737013463e-03 1.704245050099710253e-03 1.202500784943974737e-04
1.226620982537297122e+00 1.217981916036078444e-01 7.932890177684291666e-02 4.595985850107128096e-02 2.201734518881739988e-02 7.858202508459255498e-03 1.704954600094637672e-03 1.202500784943974737e-04
1.199362738480912904e+00 1.219799248094561028e-01 8.001985610222722700e-02 4.622190113176091047e-02 2.208203638961183865e-02 7.866867010259502926e-03 1.705510108191089259e-03 1.202500784943974737e-04
1.173289635470458281e+00 1.223538312965436609e-01 8.051257708049890105e-02 4.643095151447846486e-02 2.213054113544042981e-02 7.873385389584403038e-03 1.705881716251220030e-03 1.202500784943974737e-04
1.148326026205129358e+00 1.234416202585224831e-01 8.111936245175142834e-02 4.669549340773961749e-02 2.219511967854183310e-02 7.882357104619057767e-03 1.706477220640549098e-03 1.202500784943974737e-04
1.124402567325855751e+00 1.247623058937560592e-01 8.176087263242257097e-02 4.696786729850054021e-02 2.226290021047809889e-02 7.891980810192416457e-03 1.707141133275867249e-03 1.202500784943974737e-04
1.101455576155940363e+00 1.254508477313171222e-01 8.209702970321412774e-02 4.711028376559067699e-02 2.229635061715498287e-02 7.897046785906376015e-03 1.707418172855353338e-03 1.202500784943974737e-04
1.079426464632821547e+00 1.263738718504428815e-01 8.256726056830072935e-02 4.729497194504610202e-02 2.234121681017833122e-02 7.903759699995254254e-03 1.707853537393503457e-03 1.202500784943974737e-04
1.058261239836099543e+00 1.273722672153026758e-01 8.309054479496771894e-02 4.749485920001603884e-02 2.239007522077481049e-02 7.911043525354464340e-03 1.708350495278575503e-03 1.202500784943974737e-04
1.037910062146943924e+00 1.279048015666620908e-01 8.340019748441419856e-02 4.761094760817236038e-02 2.241710677165028101e-02 7.915380312611070349e-03 1.708600928273416473e-03 1.202500784943974737e-04
1.018326853427190093e+00 1.288090422306799598e-01 8.387150363838588585e-02 4.778797433685717105e-02 2.246049134190637037e-02 7.921922690378573398e-03 1.709054259612763360e-03 1.202500784943974737e-04
9.994689487340940870e-01 1.293474009893955945e-01 8.416154686192699186e-02 4.789540348512581758e-02 2.248614896381911574e-02 7.926054908880689545e-03 1.709308583004880361e-03 1.202500784943974737e-04
9.812967860298377198e-01 1.298430616019527195e-01 8.441596364195254332e-02 4.798897946772270884e-02 2.250864661851378554e-02 7.929727439961538685e-03 1.709534170425862842e-03 1.202500784943974737e-04
9.637736291364479291e-01 1.303998037721747771e-01 8.469804020764901131e-02 4.809275650937477192e-02 2.253412370812012122e-02 7.933745499511937749e-03 1.709800957638251285e-03 1.202500784943974737e-04
9.468653198533522053e-01 1.309132143169983442e-01 8.495868242452793428e-02 4.818855070140463936e-02 2.255782545627587135e-02 7.937457123966132691e-03 1.710052604302041450e-03 1.202500784943974737e-04
9.305400557179495102e-01 1.311600961635237539e-01 8.508110504705267141e-02 4.823334361163258976e-02 2.256874455824477155e-02 7.939384855689060258e-03 1.710161941514714472e-03 1.202500784943974737e-04
9.147681903667979064e-01 1.316371571082144976e-01 8.531150332649865831e-02 4.831887060866807415e-02 2.259026395659154141e-02 7.942632685817343705e-03 1.710398022340841326e-03 1.202500784943974737e-04
8.995220538606847338e-01 1.316349912376846842e-01 8.542685623459152222e-02 4.836264362971297304e-02 2.260131117480102328e-02 7.944382283360964733e-03 1.710518387896435089e-03 1.202500784943974737e-04
8.847757906826406726e-01 1.313114273862336090e-01 8.530857464591579120e-02 4.832176116571496732e-02 2.259105343596843826e-02 7.943186189747057993e-03 1.710399754226144247e-03 1.202500784943974737e-04
8.705052134135657926e-01 1.316531521526792536e-01 8.551020655967282724e-02 4.839965190986517812e-02 2.261090906269313736e-02 7.945848089238963588e-03 1.710630493535862662e-03 1.202500784943974737e-04
8.566876703435091223e-01 1.310950980273502542e-01 8.531103669548199819e-02 4.833366325648965484e-02 2.259453565296476105e-02 7.943553383584824393e-03 1.710452893410720080e-03 1.202500784943974737e-04
8.433019254943918686e-01 1.302939869709529574e-01 8.504287627576459507e-02 4.824881346124325343e-02 2.257376076193199493e-02 7.940505496800918592e-03 1.710233043854166197e-03 1.202500784943974737e-04
8.303280497175551389e-01 1.295660384303098378e-01 8.487675392985884193e-02 4.821370285121322208e-02 2.256645703864628913e-02 7.939054632789432908e-03 1.710180947876116086e-03 1.202500784943974737e-04
8.177473216915315257e-01 1.279786078686992734e-01 8.434715277267355871e-02 4.806674319583405242e-02 2.253310803598574871e-02 7.933936149347753722e-03 1.709858460808334497e-03 1.202500784943974737e-04
8.055421377856877285e-01 1.260358226917029645e-01 8.345025278898539345e-02 4.779436542049789183e-02 2.247055172422133748e-02 7.924591880395112642e-03 1.709245074717942632e-03 1.202500784943974737e-04
7.936959298770747129e-01 1.251428600331265517e-01 8.245025995565362364e-02 4.741780254874686934e-02 2.237845149557706262e-02 7.910511077191421936e-03 1.708325059337050152e-03 1.202500784943974737e-04
7.821930903136388169e-01 1.266005284190399593e-01 8.200380169027886301e-02 4.706090911604682986e-02 2.227094953772046707e-02 7.892603712620490167e-03 1.707151854372618294e-03 1.202500784943974737e-04
7.710189033091583433e-01 1.301105899248578279e-01 8.257370585305025268e-02 4.691212785971381194e-02 2.218074609031166905e-02 7.874592556321533682e-03 1.705884457639737697e-03 1.202500784943974737e-04
7.601594821357898768e-01 1.349431577857878040e-01 8.424843878901996930e-02 4.719925251404564343e-02 2.218445993835366919e-02 7.868783898622543418e-03 1.705325005374601745e-03 1.202500784943974737e-04
7.496017115505704265e-01 1.404109753678675909e-01 8.671947575152855192e-02 4.796167248060877186e-02 2.233588998953897273e-02 7.887349474794429563e-03 1.706404094084379951e-03 1.202500784943974737e-04
7.393331949539874159e-01 1.458201114364279516e-01 8.948043644685584053e-02 4.901076946499183934e-02 2.260714771514647087e-02 7.929342583009821657e-03 1.709177261666007313e-03 1.202500784943974737e-04
7.293422058329875890e-01 1.499050934489040698e-01 9.173070108834147085e-02 4.996160154546621518e-02 2.288368478937759590e-02 7.976809531508071566e-03 1.712324758064955304e-03 1.202500784943974737e-04
7.196176430885476982e-01 1.529761277913163631e-01 9.352219323189892020e-02 5.076889161191305150e-02 2.313283261026273518e-02 8.021278057832139860e-03 1.715303624972178446e-03 1.202500784943974737e-04
7.101489898900141817e-01 1.553118559492742135e-01 9.492831475322831281e-02 5.141812285669527388e-02 2.333623619073548969e-02 8.057757265510065783e-03 1.717743118666283271e-03 1.202500784943974737e-04
7.009262757355984030e-01 1.577898533303720430e-01 9.633561874770357747e-02 5.203478989722961495e-02 2.352082178766904189e-02 8.089330872617015583e-03 1.719886688455245401e-03 1.202500784943974737e-04
6.919400414312958381e-01 1.592759071102352042e-01 9.723315551964817338e-02 5.244122202122840359e-02 2.364468896380980678e-02 8.111156636341192855e-03 1.721301542271593682e-03 1.202500784943974737e-04
6.831813067296339526e-01 1.610861494698076768e-01 9.823061743051901551e-02 5.286005941774638700e-02 2.376492837685740753e-02 8.131184022340946435e-03 1.722626425222087898e-03 1.202500784943974737e-04
6.746415403955134948e-01 1.622600615756721876e-01 9.891670513453462710e-02 5.315708753187150387e-02 2.385177392872104771e-02 8.146098984806147275e-03 1.723573665251277622e-03 1.202500784943974737e-04
6.663126324893959840e-01 1.638805226216714928e-01 9.976962100506241160e-02 5.349805347529410643e-02 2.394555271197282287e-02 8.161213779134864760e-03 1.724567106323656460e-03 1.202500784943974737e-04
6.581868686785496969e-01 1.656645289143745259e-01 1.006679264462424783e-01 5.384370267047997038e-02 2.403770706669569948e-02 8.175613696290658788e-03 1.725524335596448182e-03 1.202500784943974737e-04
6.502569064053141945e-01 1.653158673579261939e-01 1.006650886535585404e-01 5.389047034500708128e-02 2.406000492390479931e-02 8.181101348639039164e-03 1.725783306147995024e-03 1.202500784943974737e-04
6.425157527576319527e-01 1.678741382261325354e-01 1.018517728943467288e-01 5.431517053542628953e-02 2.416640480357767906e-02 8.196522081569533602e-03 1.726853412461902288e-03 1.202500784943974737e-04
6.349567439016597925e-01 1.694535909673565433e-01 1.026207689619924174e-01 5.459972220691216432e-02 2.423967695004609207e-02 8.207643285592603963e-03 1.727590632310963123e-03 1.202500784943974737e-04
6.275735259493148144e-01 1.686780955586002217e-01 1.024352757757353433e-01 5.458037132325337798e-02 2.424437445309343339e-02 8.210305540326076623e-03 1.727665994029097939e-03 1.202500784943974737e-04
6.203600371452997475e-01 1.700321121128486879e-01 1.030974959059962615e-01 5.482485293711816809e-02 2.430690982265840475e-02 8.219739175870207498e-03 1.728289282956134475e-03 1.202500784943974737e-04
6.133104912686485610e-01 1.710289882785487325e-01 1.036088457164521387e-01 5.501911935109236179e-02 2.435752303457499116e-02 8.227574961238668175e-03 1.728794212045196800e-03 1.202500784943974737e-04
6.064193621532705247e-01 1.706749440648477889e-01 1.035747061256276358e-01 5.504361820438151420e-02 2.437040485531719383e-02 8.230780729112825711e-03 1.728942201598044921e-03 1.202500784943974737e-04
5.996813692404564522e-01 1.724692456749757907e-01 1.043575283368731732e-01 5.531609253297569556e-02 2.443673180933974426e-02 8.240193293250274581e-03 1.729585869144255111e-03 1.202500784943974737e-04
5.930914640839678453e-01 1.746364635779140417e-01 1.052719193289322480e-01 5.562453966275181932e-02 2.450999498982488894e-02 8.250278315348762506e-03 1.730288059570892888e-03 1.202500784943974737e-04
5.866448177352291404e-01 1.756088724909650733e-01 1.057604799130604928e-01 5.580106480515194950e-02 2.455406104069088671e-02 8.256790669312293052e-03 1.730715517640952095e-03 1.202500784943974737e-04
5.803368089423771581e-01 1.757812551825271574e-01 1.058381615716026403e-01 5.585253690237502316e-02 2.457079587255419847e-02 8.259985467513908733e-03 1.730889071176292503e-03 1.202500784943974737e-04
5.741630131025646788e-01 1.792379308695817020e-01 1.058228883190967112e-01 5.587535290453252146e-02 2.458107927251657054e-02 8.262335125549438025e-03 1.731002637675567012e-03 1.202500784943974737e-04
5.681191919120113232e-01 1.977131715355037733e-01 1.058635523724301558e-01 5.591381839655842206e-02 2.459439278230901929e-02 8.264956378149232799e-03 1.731142980167169184e-03 1.202500784943974737e-04
5.622012836629278754e-01 2.027331198158801862e-01 1.061047541732793587e-01 5.601009838449332728e-02 2.461963478686648651e-02 8.268888163535697416e-03 1.731390192419121404e-03 1.202500784943974737e-04
5.564053941406297277e-01 1.916369906648102139e-01 1.060520760893162440e-01 5.601870915814489288e-02 2.462598395941217877e-02 8.270544093244892175e-03 1.731465028077749501e-03 1.202500784943974737e-04
5.507277880779701817e-01 1.950700658889429617e-01 1.059296272783145643e-01 5.600604750557119926e-02 2.462759344731810240e-02 8.271583651749552651e-03 1.731496482446289419e-03 1.202500784943974737e-04
5.451648811276876838e-01 1.950450249013787052e-01 1.059856982081855137e-01 5.604436460569123257e-02 2.463967678452128399e-02 8.273776565194602972e-03 1.731621208561746244e-03 1.202500784943974737e-04
5.397132323164107737e-01 1.961309221740611120e-01 1.061465581280838649e-01 5.611174089533059461e-02 2.465756990390571488e-02 8.276581726349478696e-03 1.731796668133865581e-03 1.202500784943974737e-04
5.343695369469413370e-01 2.220058462060335580e-01 1.068036812965989096e-01 5.632066588014114639e-02 2.470475094092959567e-02 8.282712658423473095e-03 1.732231970249888771e-03 1.202500784943974737e-04
5.291306199180497716e-01 2.170520702996924511e-01 1.074946631445033302e-01 5.653702456610861654e-02 2.475307915025289421e-02 8.288913545989786552e-03 1.732675237817919581e-03 1.202500784943974737e-04
5.239934294334085418e-01 1.864562243848266465e-01 1.075433545061248025e-01 5.656732652939549383e-02 2.476231403440909418e-02 8.290552855552560732e-03 1.732768586714643214e-03 1.202500784943974737e-04
5.189550310734719618e-01 2.284347364392888546e-01 1.067753255375380461e-01 5.636346853652771799e-02 2.472270597400630723e-02 8.286528364108362854e-03 1.732427916267890696e-03 1.202500784943974737e-04
5.140126022061054512e-01 2.286143189587090396e-01 1.065461354002229660e-01 5.631330622495396565e-02 2.471494273837336955e-02 8.286137413811622832e-03 1.732370118181176220e-03 1.202500784943974737e-04
5.091634267135950465e-01 2.178293932580221415e-01 1.084895363173734723e-01 5.687972527587838861e-02 2.483469933829920637e-02 8.300359960209223106e-03 1.733439249456938426e-03 1.202500784943974737e-04
5.044048900153371706e-01 2.280627736564904418e-01 1.097270755416650256e-01 5.724270608078491085e-02 2.491188505649664930e-02 8.309639109672004725e-03 1.734130258931757939e-03 1.202500784943974737e-04
4.997344743670470435e-01 2.007619929701953132e-01 1.076598565126847401e-01 5.666896773128818343e-02 2.479538436262237328e-02 8.296670997511648715e-03 1.733108179080869405e-03 1.202500784943974737e-04
4.951497544187254962e-01 1.785744612878450988e-01 1.070928538822006199e-01 5.652028936582774443e-02 2.476668747259655814e-02 8.293754868420330842e-03 1.732863556024250148e-03 1.202500784943974737e-04
4.906483930149188599e-01 2.077329967671653899e-01 1.086259608712470265e-01 5.696321386846503465e-02 2.485976968314151242e-02 8.304760123854743742e-03 1.733689723640009740e-03 1.202500784943974737e-04
4.862281372219916520e-01 1.825960686647441489e-01 1.074882346002237615e-01 5.665282927171268884e-02 2.479758153639529186e-02 8.297964640465288130e-03 1.733149735448701956e-03 1.202500784943974737e-04
4.818868145682239645e-01 1.789389581139333996e-01 1.085993367703534523e-01 5.697437652021537791e-02 2.486527287877499451e-02 8.306006114035495783e-03 1.733750258344612678e-03 1.202500784943974737e-04
4.776223294835493793e-01 2.368605620815015245e-01 1.089288657993568304e-01 5.707528317363048942e-02 2.488744205183498689e-02 8.308817184507221593e-03 1.733950358270490259e-03 1.202500784943974737e-04
4.734326599266761026e-01 1.735731319680336726e-01 1.059644716430861860e-01 5.625313762997638523e-02 2.472016014639382905e-02 8.289971000074310495e-03 1.732492315248793406e-03 1.202500784943974737e-04
4.693158541881833345e-01 1.810853520784854176e-01 1.093581318552595688e-01 5.721062610222534678e-02 2.491779038277331521e-02 8.312781909445879705e-03 1.734226165160754601e-03 1.202500784943974737e-04
4.652700278589747551e-01 1.965168860364348846e-01 1.081829594127386301e-01 5.688930032016070032e-02 2.485317000321922432e-02 8.305635401994575229e-03 1.733665100626908401e-03 1.202500784943974737e-04
4.612933609541972624e-01 2.389662779116960845e-01 1.070498426763997896e-01 5.658003071902164421e-02 2.479103492000788583e-02 8.298763703638797201e-03 1.733127531824232110e-03 1.202500784943974737e-04
4.573840951833989532e-01 1.761047865662933587e-01 1.078501972534566949e-01 5.680984574335691539e-02 2.483915132525705421e-02 8.304452776792219451e-03 1.733551751444503686e-03 1.202500784943974737e-04
