1.635494643383063051e+00 1.668995469384390584e-01 1.018152082062943609e-01 4.958459441701041498e-02 2.128644884681951330e-02 7.772037702337556905e-03 1.700598024716160755e-03 1.202500784943974737e-04
1.587391859754149426e+00 1.650526363512914152e-01 9.893496761418685281e-02 4.786214789171074069e-02 2.157620109524730975e-02 7.806854247836796448e-03 1.701844557766613811e-03 1.202500784943974737e-04
1.542037806618316687e+00 1.625363321175597175e-01 9.582400031885306146e-02 4.659450226014204971e-02 2.179206883779538292e-02 7.839317300897520602e-03 1.703289311712476769e-03 1.202500784943974737e-04
1.499203423101140853e+00 1.595927174993325426e-01 9.274415162335979124e-02 4.589161291705591561e-02 2.191518403833333725e-02 7.861077804990989834e-03 1.704339557033266112e-03 1.202500784943974737e-04
1.458684411665974956e+00 1.564154802011602508e-01 8.993371644536898857e-02 4.572916169746529813e-02 2.198645905574182768e-02 7.873018983598390960e-03 1.704915056352400383e-03 1.202500784943974737e-04
1.420297979780028363e+00 1.531078802072981249e-01 8.756008195702429109e-02 4.596086324367560511e-02 2.205710857811358019e-02 7.881002964865215302e-03 1.705273130598497933e-03 1.202500784943974737e-04
1.383880082862591676e+00 1.497348228427922145e-01 8.573245869228461602e-02 4.639431942082127697e-02 2.215139695169108733e-02 7.890093672679517056e-03 1.705690062758689245e-03 1.202500784943974737e-04
1.349283080791026990e+00 1.463923751100576209e-01 8.451861544787667158e-02 4.686445819404739394e-02 2.226412146922633270e-02 7.901775741967738756e-03 1.706271016682736228e-03 1.202500784943974737e-04
1.316373737357099616e+00 1.432372896830047815e-01 8.393213404345656325e-02 4.727689208662438913e-02 2.237781014582071112e-02 7.914746287848937675e-03 1.706957966960282076e-03 1.202500784943974737e-04
1.285031505515263905e+00 1.404662611537298988e-01 8.390813234265349918e-02 4.761391506937345114e-02 2.247905974388108782e-02 7.927121789435838395e-03 1.707641934224678280e-03 1.202500784943974737e-04
1.255147051898629629e+00 1.382671209385420430e-01 8.430576597643747727e-02 4.790497984119271996e-02 2.256482660087597361e-02 7.937967885556302533e-03 1.708257387854882244e-03 1.202500784943974737e-04
1.226620982537297122e+00 1.367705087541484787e-01 8.494871228533081020e-02 4.818485249165816581e-02 2.263943543716748913e-02 7.947466366013126310e-03 1.708802981384512218e-03 1.202500784943974737e-04
1.199362738480912904e+00 1.360180963110061425e-01 8.567982507782691270e-02 4.846889678063685120e-02 2.270833835441288598e-02 7.956251564077330973e-03 1.709309222953541265e-03 1.202500784943974737e-04
1.173289635470458281e+00 1.359521322363095308e-01 8.639910281059533237e-02 4.875315297487178151e-02 2.277423984460395789e-02 7.964767496267821309e-03 1.709800867710033851e-03 1.202500784943974737e-04
1.148326026205129358e+00 1.364305939893070696e-01 8.706916038918663392e-02 4.902658406918456585e-02 2.283703264615203829e-02 7.973081302081602706e-03 1.710282798222309032e-03 1.202500784943974737e-04
1.124402567325855751e+00 1.372675408416805798e-01 8.769328761338525402e-02 4.928137136294753057e-02 2.289562924693767237e-02 7.981049689567986521e-03 1.710747160264251181e-03 1.202500784943974737e-04
1.101455576155940363e+00 1.382846970340591286e-01 8.828629662169125425e-02 4.951577652443010097e-02 2.294943197946063343e-02 7.988537633045680528e-03 1.711185700148029664e-03 1.202500784943974737e-04
1.079426464632821547e+00 1.393508788735059178e-01 8.885631411329193707e-02 4.973161458947991664e-02 2.299860742436127606e-02 7.995505410483211631e-03 1.711595184479958003e-03 1.202500784943974737e-04
1.058261239836099543e+00 1.403937833464143081e-01 8.940186279771424049e-02 4.993096149434266690e-02 2.304365098989339181e-02 8.001976750701120245e-03 1.711976358470724711e-03 1.202500784943974737e-04
1.037910062146943924e+00 1.413858212160280237e-01 8.991692663696336518e-02 5.011467430032509607e-02 2.308494458466167631e-02 8.007978100520401696e-03 1.712330423042835326e-03 1.202500784943974737e-04
1.018326853427190093e+00 1.423205139632037486e-01 9.039601197612071037e-02 5.028266166240968893e-02 2.312263490114392292e-02 8.013511130708557764e-03 1.712657277806134458e-03 1.202500784943974737e-04
9.994689487340940870e-01 1.431950347639218690e-01 9.083587920287793105e-02 5.043463490062383842e-02 2.315673240372833133e-02 8.018559760422792199e-03 1.712955913682507637e-03 1.202500784943974737e-04
9.812967860298377198e-01 1.440033649167373475e-01 9.123468821344291046e-02 5.057042960361787104e-02 2.318720679567360873e-02 8.023102446541672400e-03 1.713224818243809467e-03 1.202500784943974737e-04
9.637736291364479291e-01 1.447366074205491404e-01 9.159078389013262933e-02 5.068994336427631170e-02 2.321401724431738228e-02 8.027118503157433874e-03 1.713462682004406306e-03 1.202500784943974737e-04
9.468653198533522053e-01 1.453847214542078881e-01 9.190200685554621163e-02 5.079292511962630458e-02 2.323708137906613583e-02 8.030584042714266485e-03 1.713667896732847147e-03 1.202500784943974737e-04
9.305400557179495102e-01 1.459373482731180505e-01 9.216560902698868463e-02 5.087887051796530224e-02 2.325625130011062941e-02 8.033467912853357873e-03 1.713838581512413172e-03 1.202500784943974737e-04
9.147681903667979064e-01 1.463832813731451299e-01 9.237817190729460948e-02 5.094695786736296028e-02 2.327129380714448165e-02 8.035727757183228764e-03 1.713972097540101668e-03 1.202500784943974737e-04
8.995220538606847338e-01 1.467096747055310901e-01 9.253549272746439125e-02 5.099602596001414495e-02 2.328188379126448770e-02 8.037308096788717618e-03 1.714065049155430454e-03 1.202500784943974737e-04
8.847757906826406726e-01 1.469008535406535476e-01 9.263234052142885200e-02 5.102452441622932350e-02 2.328759575412694613e-02 8.038138891447480297e-03 1.714113197766399792e-03 1.202500784943974737e-04
8.705052134135657926e-01 1.469349210990268939e-01 9.266185251688965896e-02 5.103039877971103644e-02 2.328788262086228453e-02 8.038131474235349350e-03 1.714111123426193027e-03 1.202500784943974737e-04
8.566876703435091223e-01 1.467740152285768873e-01 9.261365257277326402e-02 5.101076393836492806e-02 2.328202329796962705e-02 8.037172428447619810e-03 1.714052103129595338e-03 1.202500784943974737e-04
8.433019254943918686e-01 1.463422755851039037e-01 9.246790184105609101e-02 5.096061898038408561e-02 2.326888883896194651e-02 8.035092387103074177e-03 1.713925937919378488e-03 1.202500784943974737e-04
8.303280497175551389e-01 1.455012956860368689e-01 9.218293534540475398e-02 5.086956872701162841e-02 2.324628141255046659e-02 8.031573970471956453e-03 1.713713989826784077e-03 1.202500784943974737e-04
8.177473216915315257e-01 1.440895286873618841e-01 9.168211199085234131e-02 5.071606461682422878e-02 2.320955876876859558e-02 8.025948606787755221e-03 1.713377048997334921e-03 1.202500784943974737e-04
8.055421377856877285e-01 1.421736941231735996e-01 9.087841350001259200e-02 5.046506279235365294e-02 2.315028007408832453e-02 8.016950315870224192e-03 1.712839917589689415e-03 1.202500784943974737e-04
7.936959298770747129e-01 1.404511431405902067e-01 8.981910580912702557e-02 5.009128753973662862e-02 2.305890735918437323e-02 8.002945370282104481e-03 1.712001880137588349e-03 1.202500784943974737e-04
7.821930903136388169e-01 1.401000918295262077e-01 8.891541817089186617e-02 4.965677079321452470e-02 2.293972381214733763e-02 7.983858329139191523e-03 1.710843968255279859e-03 1.202500784943974737e-04
7.710189033091583433e-01 1.418823031788072064e-01 8.884431522271177273e-02 4.938336006279666485e-02 2.283588456711903997e-02 7.965164233234714800e-03 1.709668056931255842e-03 1.202500784943974737e-04
7.601594821357898768e-01 1.456901904590985897e-01 8.999642129179402650e-02 4.953994277413783370e-02 2.282561474542089616e-02 7.959158062533003980e-03 1.709210161093514466e-03 1.202500784943974737e-04
7.496017115505704265e-01 1.508803254514680947e-01 9.221192578981655952e-02 5.020765120516835350e-02 2.296197370097826859e-02 7.976913492997190352e-03 1.710198581741846332e-03 1.202500784943974737e-04
7.393331949539874159e-01 1.566836455175862897e-01 9.501705372964724949e-02 5.123293679699215952e-02 2.322330694461125292e-02 8.017542830237488899e-03 1.712642586368785021e-03 1.202500784943974737e-04
7.293422058329875890e-01 1.624302599787458279e-01 9.791710337896773753e-02 5.236895130892994105e-02 2.353554119457435673e-02 8.068742221186996078e-03 1.715778274448952765e-03 1.202500784943974737e-04
7.196176430885476982e-01 1.676891811901454199e-01 1.005731546773608459e-01 5.342173711899917549e-02 2.382961451004994916e-02 8.117458683800799976e-03 1.718758596934787542e-03 1.202500784943974737e-04
7.101489898900141817e-01 1.723171289375515780e-01 1.028582628393792248e-01 5.431096965932549064e-02 2.407456307649073063e-02 8.157599786831365440e-03 1.721191447321971952e-03 1.202500784943974737e-04
7.009262757355984030e-01 1.763675040370035474e-01 1.047948686780371952e-01 5.504187190534413215e-02 2.427079672394780174e-02 8.189174290903702622e-03 1.723084075604340657e-03 1.202500784943974737e-04
6.919400414312958381e-01 1.799561046494619621e-01 1.064561902533374960e-01 5.564960314802698538e-02 2.442974359525857189e-02 8.214291953765918974e-03 1.724575133444665584e-03 1.202500784943974737e-04
6.831813067296339526e-01 1.831880102980330827e-01 1.079105970214795235e-01 5.616746639893022836e-02 2.456220001687877547e-02 8.234911166979112102e-03 1.725789722776936101e-03 1.202500784943974737e-04
6.746415403955134948e-01 1.861413364918020619e-01 1.092083136900630913e-01 5.661938851057962685e-02 2.467572782305095871e-02 8.252373413206868374e-03 1.726812096085206076e-03 1.202500784943974737e-04
6.663126324893959840e-01 1.888713968244858654e-01 1.103840751800369280e-01 5.702142623775770247e-02 2.477526133948882575e-02 8.267536434715181196e-03 1.727695490902306664e-03 1.202500784943974737e-04
6.581868686785496969e-01 1.914173159406679092e-01 1.114619188335755073e-01 5.738438915962791598e-02 2.486404243959850630e-02 8.280954509451730894e-03 1.728474021558163267e-03 1.202500784943974737e-04
6.502569064053141945e-01 1.938069545129090798e-01 1.124587413269164671e-01 5.771572198562539141e-02 2.494426294046390644e-02 8.292997749386209205e-03 1.729170331572935700e-03 1.202500784943974737e-04
6.425157527576319527e-01 1.960601773224644184e-01 1.133865833421908720e-01 5.802066729496445363e-02 2.501744744029784848e-02 8.303921400430904279e-03 1.729799973539410942e-03 1.202500784943974737e-04
6.349567439016597925e-01 1.981910611178581971e-01 1.142540961804992955e-01 5.830297999358811933e-02 2.508468077601990615e-02 8.313906148912360988e-03 1.730373930213015667e-03 1.202500784943974737e-04
6.275735259493148144e-01 2.002094767247204754e-01 1.150675288154926340e-01 5.856538587915650906e-02 2.514674926048005021e-02 8.323082663044156781e-03 1.730900136040973685e-03 1.202500784943974737e-04
6.203600371452997475e-01 2.021222925097896916e-01 1.158314305971477470e-01 5.880989255948684130e-02 2.520423336331720221e-02 8.331547395988811097e-03 1.731384448630316581e-03 1.202500784943974737e-04
6.133104912686485610e-01 2.039343266507189778e-01 1.165491739668755300e-01 5.903801031772513974e-02 2.525757153675379368e-02 8.339373274884393644e-03 1.731831300464510993e-03 1.202500784943974737e-04
6.064193621532705247e-01 2.056491058247610360e-01 1.172233510617526481e-01 5.925091329761956321e-02 2.530710555559845948e-02 8.346617173219226041e-03 1.732244150903560018e-03 1.202500784943974737e-04
5.996813692404564522e-01 2.072694521322715755e-01 1.178560724238724711e-01 5.944955747304312560e-02 2.535311301858226077e-02 8.353325199405844254e-03 1.732625804071617672e-03 1.202500784943974737e-04
5.930914640839678453e-01 2.087979260351832123e-01 1.184491841244653815e-01 5.963476502273668683e-02 2.539583030093944122e-02 8.359536400546921028e-03 1.732978630098655362e-03 1.202500784943974737e-04
5.866448177352291404e-01 2.102371187680261155e-01 1.190044162261812422e-01 5.980728195178467571e-02 2.543546818578048749e-02 8.365285278341174843e-03 1.733304715530026904e-03 1.202500784943974737e-04
5.803368089423771581e-01 2.115898288037179609e-01 1.195234741731025507e-01 5.996781440897872018e-02 2.547222184724630412e-02 8.370603406926052648e-03 1.733605959601626067e-03 1.202500784943974737e-04
5.741630131025646788e-01 2.128591424600924931e-01 1.200080861706740304e-01 6.011704898074771153e-02 2.550627666557395840e-02 8.375520395043857882e-03 1.733884132479305076e-03 1.202500784943974737e-04
5.681191919120113232e-01 2.140484336000611221e-01 1.204600184979857935e-01 6.025566151603509862e-02 2.553781110101990132e-02 8.380064391330434639e-03 1.734140906619114752e-03 1.202500784943974737e-04
5.622012836629278754e-01 2.151613434054340246e-01 1.208810695737213559e-01 6.038431840732566558e-02 2.556699764640896558e-02 8.384262291976279924e-03 1.734377870112664916e-03 1.202500784943974737e-04
5.564053941406297277e-01 2.162016936542862922e-01 1.212730527892146443e-01 6.050367377771309618e-02 2.559400271159274071e-02 8.388139779918885736e-03 1.734596531339209317e-03 1.202500784943974737e-04
5.507277880779701817e-01 2.171734227497877090e-01 1.216377739297749561e-01 6.061436462456094854e-02 2.561898596439771483e-02 8.391721278267372242e-03 1.734798317518961280e-03 1.202500784943974737e-04
5.451648811276876838e-01 2.180805091758148961e-01 1.219770085989693026e-01 6.071700570536511105e-02 2.564209955280046666e-02 8.395029879686344634e-03 1.734984572270620177e-03 1.202500784943974737e-04
5.397132323164107737e-01 2.189269048640521131e-01 1.222924820167094889e-01 6.081218497518205146e-02 2.566348741013723886e-02 8.398087282904070222e-03 1.735156553093136680e-03 1.202500784943974737e-04
5.343695369469413370e-01 2.197164805751759820e-01 1.225858530165290644e-01 6.090046015650135008e-02 2.568328477803648660e-02 8.400913756020578910e-03 1.735315430822898701e-03 1.202500784943974737e-04
5.291306199180497716e-01 2.204529824163805052e-01 1.228587019619066523e-01 6.098235638508629070e-02 2.570161794367321548e-02 8.403528127026296118e-03 1.735462289707246589e-03 1.202500784943974737e-04
5.239934294334085418e-01 2.211400007385069533e-01 1.231125230133117282e-01 6.105836505205240045e-02 2.571860421515033066e-02 8.405947804966444614e-03 1.735598129678632504e-03 1.202500784943974737e-04
5.189550310734719618e-01 2.217809490035067832e-01 1.233487198304478311e-01 6.112894357206172247e-02 2.573435207824309803e-02 8.408188823605609527e-03 1.735723869484682817e-03 1.202500784943974737e-04
5.140126022061054512e-01 2.223790513628655097e-01 1.235686042126411671e-01 6.119451592656722366e-02 2.574896150126010017e-02 8.410265903490261874e-03 1.735840350833863259e-03 1.202500784943974737e-04
5.091634267135950465e-01 2.229373576216957531e-01 1.237733969919315308e-01 6.125547377693803947e-02 2.576252434391076637e-02 8.412192526265084222e-03 1.735948343126693470e-03 1.202500784943974737e-04
5.044048900153371706e-01 2.234586414067906424e-01 1.239642305759447866e-01 6.131217797184728563e-02 2.577512483250789591e-02 8.413981016078037403e-03 1.736048548518195943e-03 1.202500784943974737e-04
4.997344743670470435e-01 2.239456042861472096e-01 1.241421526252853708e-01 6.136496029993714074e-02 2.578684007085170482e-02 8.415642623785309084e-03 1.736141606990805348e-03 1.202500784943974737e-04
4.951497544187254962e-01 2.244006862687278336e-01 1.243081305120191521e-01 6.141412538878673194e-02 2.579774056568536270e-02 8.417187611735326910e-03 1.736228101507666672e-03 1.202500784943974737e-04
4.906483930149188599e-01 2.248261674331061832e-01 1.244630561086643578e-01 6.145995262792806890e-02 2.580789074359544910e-02 8.418625335838298904e-03 1.736308562758991092e-03 1.202500784943974737e-04
4.862281372219916520e-01 2.252241616133640600e-01 1.246077509164950636e-01 6.150269811789137175e-02 2.581734945801846329e-02 8.419964324261954361e-03 1.736383473982559995e-03 1.202500784943974737e-04
4.818868145682239645e-01 2.255966254857963427e-01 1.247429710907338590e-01 6.154259653098142352e-02 2.582617046733384075e-02 8.421212351542453969e-03 1.736453275282692039e-03 1.202500784943974737e-04
